-8 -8 0 0 0 0 0
-7.99632 -7.99983 0.0698905 0.0819244 0.776561 0.910271 0.09
-7.99367 -7.99961 0.0958591 0.0950115 0.865619 0.436237 0.03
-7.98254 -7.9984 0.117992 0.153804 0.245921 0.653251 0.09
-7.96988 -7.99702 0.10048 0.164555 -0.218899 0.134391 0.08
-7.95403 -7.99565 0.0727989 0.233325 -0.346015 0.859624 0.08
-7.92705 -7.99475 -0.00260915 0.306571 -0.754081 0.73246 0.1
-7.90018 -7.99493 -0.0102942 0.365346 -0.0960626 0.734684 0.08
-7.87776 -7.99579 -0.0658824 0.382409 -0.926471 0.284383 0.06
-7.86602 -7.99662 -0.0762274 0.402482 -0.344835 0.669098 0.03
-7.8347 -7.9987 -0.0563205 0.382218 0.248837 -0.253299 0.08
-7.79611 -8.00076 -0.0500256 0.390721 0.0629493 0.0850272 0.1
-7.76594 -8.00127 0.0167169 0.363677 0.83428 -0.338048 0.08
-7.76234 -8.0012 0.0226184 0.357924 0.590155 -0.575251 0.01
-7.74446 -8.00104 -0.00486112 0.357286 -0.549591 -0.0127629 0.05
-7.72187 -8.00116 -0.00527276 0.395562 -0.00686071 0.637923 0.06
-7.70572 -8.00114 0.00737954 0.412296 0.316307 0.418351 0.04
-7.68203 -8.00084 0.0182038 0.377189 0.180405 -0.585112 0.06
-7.6634 -8.00064 0.00343255 0.368156 -0.295426 -0.180667 0.05
-7.64139 -8.0008 -0.018665 0.365472 -0.368293 -0.0447249 0.06
-7.63776 -8.00086 -0.0112368 0.361431 0.742821 -0.404114 0.01
-7.60314 -8.00271 -0.0969021 0.33205 -0.856653 -0.293814 0.1
-7.58577 -8.00448 -0.105798 0.366463 -0.177918 0.68827 0.05
-7.56499 -8.00657 -0.0947515 0.329888 0.184108 -0.609577 0.06
-7.53715 -8.0104 -0.180346 0.29468 -0.951047 -0.39121 0.09
-7.52871 -8.01199 -0.192232 0.278008 -0.39621 -0.555721 0.03
-7.52057 -8.01357 -0.189726 0.274603 0.0835467 -0.113507 0.03
-7.50091 -8.01744 -0.199685 0.22649 -0.12449 -0.601403 0.08
-7.48377 -8.0209 -0.198783 0.162024 0.0100172 -0.716297 0.09
-7.48222 -8.02122 -0.201042 0.154876 -0.225893 -0.714762 0.01
-7.4774 -8.02213 -0.174887 0.172185 0.871845 0.576967 0.03
-7.45659 -8.0257 -0.165915 0.250017 0.0897172 0.778315 0.1
-7.44958 -8.02684 -0.154139 0.223201 0.392524 -0.893852 0.03
-7.43785 -8.02874 -0.167798 0.252282 -0.273162 0.58162 0.05
-7.42235 -8.03126 -0.154248 0.271173 0.225825 0.314851 0.06
-7.39203 -8.03593 -0.151567 0.342412 0.026814 0.712391 0.1
-7.36486 -8.03989 -0.137971 0.343864 0.169947 0.0181455 0.08
-7.34049 -8.04311 -0.124871 0.358599 0.18714 0.210508 0.07
-7.31789 -8.04598 -0.127782 0.292268 -0.0415836 -0.947598 0.07
-7.30903 -8.04702 -0.106601 0.302923 0.706026 0.355191 0.03
-7.28591 -8.0499 -0.141569 0.27945 -0.437093 -0.293422 0.08
-7.2628 -8.05342 -0.160379 0.30501 -0.235127 0.319503 0.08
-7.23985 -8.05752 -0.193401 0.277786 -0.412783 -0.340293 0.08
-7.23173 -8.05903 -0.174994 0.272969 0.613566 -0.160593 0.03
-7.22157 -8.06093 -0.195783 0.243884 -0.519723 -0.727117 0.04
-7.20032 -8.06452 -0.136254 0.187088 0.595294 -0.567957 0.1
-7.18999 -8.06597 -0.141965 0.160661 -0.0951836 -0.440456 0.06
-7.18423 -8.06681 -0.149561 0.130685 -0.18989 -0.749395 0.04
-7.17594 -8.06787 -0.105653 0.147933 0.731801 0.287474 0.06
-7.17282 -8.06822 -0.11397 0.165433 -0.415849 0.874985 0.02
-7.16411 -8.06905 -0.0759244 0.12618 0.634086 -0.654213 0.06
-7.1587 -8.06952 -0.0977557 0.0910431 -0.436627 -0.702745 0.05
-7.14548 -8.07118 -0.145943 0.175573 -0.481876 0.845298 0.1
-7.13466 -8.07261 -0.117558 0.188318 0.473087 0.212421 0.06
-7.13077 -8.07309 -0.128784 0.203352 -0.561271 0.751663 0.02
-7.1233 -8.07401 -0.115368 0.172876 0.335398 -0.761884 0.04
-7.11529 -8.07489 -0.103351 0.149462 0.240337 -0.468275 0.05
-7.11216 -8.07519 -0.0874314 0.165458 0.795967 0.799763 0.02
-7.10433 -8.07583 -0.0757697 0.148555 0.233233 -0.338053 0.05
-7.09517 -8.0766 -0.0927492 0.157848 -0.282991 0.154887 0.06
-7.07931 -8.07772 -0.0482916 0.16026 0.444576 0.0241207 0.1
-7.06474 -8.07814 -0.00702363 0.131263 0.412679 -0.289973 0.1
-7.0509 -8.07769 0.0703564 0.145659 0.7738 0.143958 0.1
-7.03713 -8.0767 0.0733981 0.161158 0.0337967 0.172216 0.09
-7.01988 -8.07547 0.068485 0.223195 -0.0545898 0.689294 0.09
-7.00205 -8.07458 0.0332938 0.286952 -0.502731 0.910819 0.07
-6.9782 -8.07444 -0.0253848 0.189978 -0.586786 -0.969743 0.1
-6.96362 -8.07438 0.0306222 0.226869 0.8001 0.527023 0.07
-6.96131 -8.07431 0.0301504 0.233714 -0.0471864 0.684462 0.01
-6.95421 -8.0742 0.00354137 0.23984 -0.886967 0.204213 0.03
-6.93229 -8.07368 0.0421874 0.308449 0.483076 0.857609 0.08
-6.90689 -8.07324 -0.00924648 0.25606 -0.571488 -0.582106 0.09
-6.90435 -8.07327 -0.0137429 0.253092 -0.449642 -0.296762 0.01
-6.89417 -8.07334 -0.00140602 0.255584 0.308422 0.0623044 0.04
-6.87215 -8.0724 0.0884893 0.234469 0.998837 -0.23461 0.09
-6.85409 -8.07041 0.129623 0.284773 0.587629 0.718622 0.07
-6.84208 -8.06877 0.141592 0.321091 0.299215 0.907962 0.04
-6.81237 -8.06521 0.0954516 0.277488 -0.461403 -0.436028 0.1
-6.79907 -8.06386 0.108391 0.257027 0.258784 -0.40922 0.05
-6.78276 -8.06225 0.0883274 0.289304 -0.334391 0.537941 0.06
-6.7522 -8.05838 0.162264 0.327036 0.739363 0.37732 0.1
-6.72522 -8.05289 0.237895 0.361442 0.945397 0.430076 0.08
-6.72175 -8.05206 0.227904 0.351918 -0.999118 -0.952446 0.01
-6.71828 -8.05125 0.23219 0.359146 0.428532 0.722798 0.01
-6.69113 -8.04425 0.273086 0.341896 0.51121 -0.215614 0.08
-6.65981 -8.03474 0.317273 0.312869 0.441863 -0.290274 0.1
-6.64583 -8.03006 0.328435 0.276622 0.223252 -0.724937 0.05
-6.62389 -8.0223 0.350756 0.305266 0.279003 0.358051 0.08
-6.59504 -8.01294 0.279407 0.368985 -0.792762 0.707987 0.09
-6.57323 -8.00663 0.284062 0.38763 0.0775805 0.310745 0.06
-6.54138 -7.99614 0.352903 0.357747 0.764898 -0.332026 0.09
-6.53803 -7.99492 0.346231 0.354539 -0.667173 -0.320821 0.01
-6.51376 -7.98579 0.372725 0.386546 0.378482 0.457238 0.07
-6.47876 -7.97102 0.424691 0.457664 0.5774 0.790204 0.09
-6.46196 -7.96365 0.401963 0.459749 -0.568191 0.0521222 0.04
-6.44034 -7.95392 0.443142 0.488539 0.823573 0.575798 0.05
-6.40297 -7.93802 0.359336 0.414216 -0.931178 -0.825814 0.09
-6.37808 -7.92949 0.302126 0.46319 -0.953503 0.816238 0.06
-6.34157 -7.91878 0.268505 0.487927 -0.420262 0.309208 0.08
-6.32307 -7.91376 0.261207 0.47046 -0.182452 -0.436665 0.04
-6.2836 -7.90425 0.213181 0.544579 -0.600324 0.926483 0.08
-6.24576 -7.89612 0.210257 0.561288 -0.0417725 0.238704 0.07
-6.1923 -7.88283 0.277259 0.540578 0.670021 -0.207101 0.1
-6.17707 -7.87842 0.286061 0.516835 0.293405 -0.791424 0.03
-6.15238 -7.87099 0.298873 0.514524 0.256241 -0.0462241 0.05
-6.10808 -7.85659 0.33079 0.417069 0.319169 -0.974551 0.1
-6.08792 -7.84953 0.343177 0.437486 0.247749 0.40835 0.05
-6.063 -7.84085 0.326851 0.442041 -0.272102 0.0759122 0.06
-6.03412 -7.83162 0.291788 0.424246 -0.500908 -0.254222 0.07
-5.99128 -7.81646 0.386173 0.484943 0.943851 0.606976 0.1
-5.95658 -7.80365 0.320142 0.440045 -0.825383 -0.561223 0.08
-5.93083 -7.79463 0.35348 0.469379 0.555635 0.488886 0.06
-5.91304 -7.78796 0.363257 0.480837 0.244434 0.286465 0.04
-5.90421 -7.78464 0.356571 0.461962 -0.334305 -0.943731 0.02
-5.8834 -7.77635 0.402672 0.434317 0.92201 -0.552918 0.05
-5.85041 -7.7626 0.38698 0.459237 -0.196147 0.311503 0.08
-5.82322 -7.75245 0.328979 0.50824 -0.96669 0.816712 0.06
-5.81358 -7.74919 0.322516 0.509865 -0.323119 0.0812933 0.02
-5.78953 -7.74149 0.296931 0.500228 -0.511705 -0.192742 0.05
-5.7532 -7.72901 0.365914 0.460243 0.862288 -0.499818 0.08
-5.70809 -7.71082 0.399906 0.512468 0.339924 0.522255 0.1
-5.69378 -7.70495 0.378725 0.519 -0.706064 0.217725 0.03
-5.67959 -7.69919 0.393005 0.502216 0.476009 -0.559462 0.03
-5.63816 -7.68187 0.398895 0.495599 0.0654492 -0.0735242 0.09
-5.59773 -7.66374 0.444256 0.489139 0.504004 -0.07178 0.09
-5.5557 -7.64316 0.465951 0.550746 0.241058 0.684523 0.09
-5.55079 -7.64068 0.468748 0.55065 0.279745 -0.00955238 0.01
-5.54089 -7.63565 0.472393 0.559475 0.18224 0.441212 0.02
-5.48752 -7.60748 0.498285 0.647449 0.258916 0.879748 0.1
-5.42916 -7.5754 0.506666 0.684573 0.0838138 0.371235 0.1
-5.37835 -7.54736 0.501786 0.605018 -0.0542248 -0.883943 0.09
-5.36248 -7.5386 0.507725 0.603908 0.19799 -0.0370106 0.03
-5.35201 -7.53285 0.496455 0.58999 -0.563511 -0.695881 0.02
-5.30369 -7.50549 0.534925 0.520663 0.384698 -0.693271 0.1
-5.29921 -7.5028 0.543517 0.525297 0.859167 0.463448 0.01
-5.28061 -7.49159 0.541393 0.560042 -0.0530821 0.868612 0.04
-5.2357 -7.46233 0.614626 0.512397 0.732327 -0.476448 0.1
-5.22335 -7.45359 0.616917 0.495711 0.076351 -0.556204 0.03
-5.18476 -7.42571 0.634702 0.456554 0.177853 -0.391574 0.1
-5.15785 -7.40518 0.668048 0.510572 0.476368 0.771686 0.07
-5.14564 -7.3955 0.673318 0.528292 0.175688 0.590663 0.03
-5.11631 -7.37329 0.622516 0.522963 -0.725749 -0.0761273 0.07
-5.11206 -7.37026 0.615455 0.520848 -0.706111 -0.211418 0.01
-5.07211 -7.34171 0.625767 0.461174 0.103127 -0.596743 0.1
-5.04722 -7.32365 0.62964 0.41744 0.0553232 -0.624779 0.07
-5.04389 -7.32121 0.635824 0.409019 0.61837 -0.842019 0.01
-5.03085 -7.31176 0.618601 0.396114 -0.430567 -0.322646 0.04
-5.00672 -7.29394 0.654119 0.353958 0.443978 -0.526952 0.08
-4.99524 -7.285 0.66937 0.373473 0.381255 0.487884 0.04
-4.97293 -7.26652 0.714319 0.350798 0.561871 -0.283434 0.08
-4.95877 -7.25446 0.697354 0.393239 -0.339299 0.848818 0.05
-4.95575 -7.25193 0.696422 0.394002 -0.093213 0.0762773 0.01
-4.95275 -7.24944 0.690033 0.38697 -0.638901 -0.703188 0.01
-4.94695 -7.2446 0.701617 0.36785 0.579187 -0.956021 0.02
-4.91834 -7.2205 0.698398 0.380372 -0.0321856 0.125221 0.1
-4.90997 -7.21334 0.717318 0.353621 0.630652 -0.891686 0.03
-4.89276 -7.19856 0.701383 0.294538 -0.227637 -0.844043 0.07
-4.88208 -7.18995 0.654054 0.254139 -0.946582 -0.807979 0.05
-4.87368 -7.18352 0.653633 0.275087 -0.0105309 0.523699 0.04
-4.86709 -7.17838 0.669504 0.281932 0.529044 0.228158 0.03
-4.85262 -7.16683 0.677423 0.335139 0.131987 0.886784 0.06
-4.82887 -7.14878 0.624049 0.410872 -0.667181 0.946666 0.08
-4.81306 -7.13745 0.619869 0.366936 -0.0836049 -0.878718 0.05
-4.797 -7.12633 0.591458 0.414514 -0.568213 0.951566 0.05
-4.76047 -7.10314 0.540707 0.450983 -0.50751 0.364685 0.1
-4.74457 -7.09336 0.562437 0.482368 0.543238 0.784625 0.04
-4.72767 -7.08299 0.538006 0.508787 -0.610766 0.66048 0.04
-4.71424 -7.07485 0.551676 0.538169 0.455678 0.9794 0.03
-4.69066 -7.06041 0.547582 0.568037 -0.0818909 0.597364 0.05
-4.64102 -7.02679 0.641144 0.63152 0.935618 0.634825 0.1
-4.63595 -7.02303 0.635952 0.630169 -0.519126 -0.135122 0.01
-4.60993 -7.00415 0.619913 0.655729 -0.320786 0.511215 0.05
-4.55495 -6.96442 0.631324 0.700957 0.114107 0.452279 0.1
-4.52619 -6.94407 0.600183 0.708565 -0.622818 0.152152 0.05
-4.51459 -6.93604 0.611693 0.701583 0.575503 -0.3491 0.02
-4.49117 -6.91979 0.601151 0.724 -0.263545 0.560414 0.04
-4.43485 -6.88178 0.585877 0.634814 -0.152738 -0.891856 0.1
-4.42425 -6.87469 0.592749 0.640952 0.343559 0.306885 0.02
-4.37102 -6.83665 0.647938 0.667654 0.551897 0.267022 0.1
-4.35514 -6.8247 0.642529 0.657609 -0.180297 -0.334836 0.03
-4.31707 -6.79523 0.674635 0.717916 0.458646 0.861526 0.07
-4.30011 -6.78206 0.645558 0.713356 -0.969233 -0.15199 0.03
-4.2944 -6.77779 0.638083 0.713081 -0.747416 -0.0274764 0.01
-4.24479 -6.7432 0.578692 0.631075 -0.659901 -0.911181 0.09
-4.19565 -6.71191 0.554333 0.53406 -0.243598 -0.970152 0.1
-4.18671 -6.70639 0.552466 0.517274 -0.093313 -0.839288 0.02
-4.15985 -6.68965 0.562024 0.537715 0.159296 0.340682 0.06
-4.15534 -6.68681 0.561407 0.528146 -0.0617289 -0.956926 0.01
-4.12273 -6.66516 0.612448 0.450398 0.63801 -0.971843 0.08
-4.10821 -6.65471 0.634599 0.444208 0.553795 -0.154753 0.04
-4.08493 -6.63837 0.590564 0.504101 -0.733916 0.99822 0.06
-4.04543 -6.61433 0.500188 0.421009 -0.903768 -0.830922 0.1
-4.03788 -6.61029 0.482918 0.43466 -0.863467 0.682528 0.02
-4.03005 -6.60627 0.46404 0.445625 -0.94389 0.548265 0.02
-4.02603 -6.60427 0.462884 0.452501 -0.115602 0.687654 0.01
-4.02193 -6.60224 0.457801 0.462203 -0.508347 0.970197 0.01
-4.0096 -6.59632 0.43612 0.449866 -0.722687 -0.411244 0.03
-3.97066 -6.57652 0.505441 0.423933 0.693202 -0.259326 0.1
-3.93933 -6.55917 0.506222 0.372102 0.00868646 -0.575902 0.09
-3.90723 -6.54314 0.4217 0.425199 -0.939133 0.589959 0.09
-3.87487 -6.53016 0.342027 0.446857 -0.995913 0.270723 0.08
-3.85436 -6.52257 0.367339 0.427983 0.506227 -0.377472 0.05
-3.83761 -6.51646 0.33196 0.463456 -0.884476 0.886815 0.04
-3.81539 -6.50824 0.376929 0.484227 0.899378 0.415437 0.05
-3.79689 -6.50102 0.36689 0.508969 -0.250973 0.618528 0.04
-3.75167 -6.4848 0.321152 0.451822 -0.457377 -0.571466 0.1
-3.73441 -6.47906 0.321055 0.457866 -0.00243007 0.151097 0.04
-3.68757 -6.46491 0.266741 0.520775 -0.543133 0.629089 0.1
-3.68251 -6.46355 0.260042 0.52718 -0.669942 0.640539 0.01
-3.67215 -6.46076 0.264411 0.545962 0.218459 0.939079 0.02
-3.6616 -6.45781 0.281463 0.54914 0.852569 0.158906 0.02
-3.62661 -6.44694 0.321487 0.497816 0.571776 -0.733198 0.07
-3.60826 -6.44057 0.347709 0.473364 0.655563 -0.611289 0.04
-3.59941 -6.43735 0.349707 0.468919 0.0998646 -0.222244 0.02
-3.57845 -6.42939 0.376106 0.427729 0.527983 -0.823805 0.05
-3.53862 -6.41506 0.316684 0.513259 -0.660244 0.950336 0.09
-3.4897 -6.39815 0.348829 0.521885 0.321453 0.0862525 0.1
-3.48482 -6.39635 0.356508 0.519102 0.767907 -0.27829 0.01
-3.47029 -6.39071 0.38451 0.51995 0.933398 0.0282725 0.03
-3.46069 -6.38682 0.385276 0.515704 0.0382948 -0.212306 0.02
-3.43568 -6.37726 0.344991 0.555441 -0.805711 0.794746 0.05
-3.39265 -6.35971 0.43198 0.477425 0.966544 -0.866846 0.09
-3.37096 -6.34985 0.421375 0.475672 -0.212099 -0.0350502 0.05
-3.33782 -6.33481 0.430747 0.434187 0.117159 -0.518564 0.08
-3.31851 -6.32573 0.448583 0.419544 0.35671 -0.292874 0.05
-3.29873 -6.31593 0.470536 0.463321 0.439056 0.87554 0.05
-3.29051 -6.31167 0.486736 0.462047 0.810015 -0.0637036 0.02
-3.27389 -6.30283 0.491248 0.479425 0.112798 0.434456 0.04
-3.25742 -6.29433 0.460402 0.447445 -0.771149 -0.799497 0.04
-3.24924 -6.29035 0.445817 0.461425 -0.729258 0.699018 0.02
-3.21001 -6.26926 0.541934 0.429916 0.961178 -0.315092 0.1
-3.20264 -6.26491 0.524636 0.425418 -0.864932 -0.224931 0.02
-3.18147 -6.25216 0.559964 0.398447 0.588805 -0.449507 0.06
-3.14988 -6.23034 0.647086 0.454865 0.968019 0.626869 0.09
-3.13536 -6.219 0.678904 0.466375 0.795448 0.287738 0.04
-3.13176 -6.21609 0.681408 0.459883 0.250468 -0.649193 0.01
-3.11481 -6.20196 0.708181 0.422847 0.535447 -0.740721 0.05
-3.10252 -6.19102 0.747703 0.400062 0.988055 -0.569626 0.04
-3.07151 -6.15915 0.846981 0.48948 0.992785 0.894181 0.1
-3.06828 -6.15552 0.840437 0.4837 -0.654473 -0.577961 0.01
-3.06508 -6.15193 0.84489 0.477799 0.445333 -0.590118 0.01
-3.03359 -6.11277 0.940705 0.52758 0.958153 0.497805 0.1
-3.02166 -6.09632 0.945657 0.488403 0.123794 -0.979425 0.04
-3.01334 -6.08468 0.955314 0.465913 0.321904 -0.74967 0.03
-2.98682 -6.04354 1.0395 0.513227 0.841861 0.473141 0.1
-2.96414 -6.00794 0.96555 0.425087 -0.821668 -0.979325 0.09
-2.95707 -5.99761 0.975722 0.409134 0.339057 -0.531765 0.03
-2.94778 -5.98332 1.0126 0.443197 0.922074 0.851563 0.04
-2.92867 -5.94953 1.10029 0.419744 0.974271 -0.26059 0.09
-2.92678 -5.94583 1.09857 0.411522 -0.17193 -0.822164 0.01
-2.92492 -5.94218 1.09952 0.407109 0.0954139 -0.4413 0.01
-2.91762 -5.92825 1.07606 0.379268 -0.586718 -0.696041 0.04
-2.90889 -5.91127 1.11586 0.384317 0.796025 0.10098 0.05
-2.90723 -5.90785 1.12061 0.376181 0.475506 -0.813514 0.01
-2.88866 -5.87082 1.09217 0.452339 -0.284371 0.761574 0.1
-2.87098 -5.83974 1.01483 0.441905 -0.966829 -0.130422 0.08
-2.85443 -5.81327 1.00908 0.449927 -0.0820594 0.114598 0.07
-2.85202 -5.80948 1.00183 0.448971 -0.725541 -0.0955929 0.01
-2.83255 -5.78142 0.92506 0.405125 -0.959608 -0.548073 0.08
-2.82088 -5.76567 0.941472 0.379052 0.328243 -0.521464 0.05
-2.80189 -5.7387 0.971947 0.445555 0.380932 0.831294 0.08
-2.79686 -5.7313 0.976318 0.449125 0.218574 0.178461 0.02
-2.78075 -5.7088 0.923377 0.473379 -0.882347 0.404247 0.06
-2.74952 -5.66843 0.90172 0.54756 -0.216572 0.741801 0.1
-2.72001 -5.63006 0.928813 0.52813 0.301031 -0.215888 0.09
-2.69139 -5.59015 0.968064 0.56314 0.436126 0.389007 0.09
-2.66887 -5.55743 0.968295 0.571842 0.00329326 0.124309 0.07
-2.66565 -5.55275 0.966794 0.564347 -0.150068 -0.749469 0.01
-2.65307 -5.53411 0.987247 0.559809 0.511333 -0.113463 0.04
-2.63586 -5.5067 1.03338 0.519299 0.768894 -0.675159 0.06
-2.62512 -5.48895 1.02026 0.517742 -0.328149 -0.0389182 0.04
-2.59562 -5.44148 1.00952 0.600149 -0.107402 0.824071 0.1
-2.56641 -5.39477 1.01466 0.501697 0.0514372 -0.984522 0.1
-2.55361 -5.37383 1.02956 0.480001 0.298088 -0.433919 0.05
-2.53815 -5.34883 1.00423 0.499748 -0.422259 0.329116 0.06
-2.52276 -5.32507 0.98766 0.444042 -0.276132 -0.928438 0.06
-2.52029 -5.32137 0.978356 0.444517 -0.930369 0.0475184 0.01
-2.5178 -5.31768 0.974158 0.445616 -0.419755 0.109884 0.01
-2.49608 -5.28796 0.903382 0.372648 -0.786409 -0.810755 0.09
-2.48294 -5.27151 0.889834 0.32931 -0.225795 -0.722296 0.06
-2.47196 -5.25776 0.903441 0.374514 0.272136 0.904081 0.05
-2.46732 -5.25193 0.892802 0.36996 -0.531933 -0.227718 0.02
-2.44948 -5.23112 0.830076 0.315404 -0.78407 -0.681956 0.08
-2.43484 -5.21525 0.82095 0.301566 -0.130377 -0.197686 0.07
-2.42404 -5.20346 0.837427 0.338042 0.329534 0.729524 0.05
-2.40588 -5.18421 0.7915 0.323647 -0.574085 -0.179934 0.08
-2.39137 -5.16983 0.769205 0.259982 -0.318496 -0.909507 0.07
-2.37191 -5.15083 0.777259 0.283986 0.0805368 0.240043 0.1
-2.36422 -5.14305 0.80724 0.262998 0.749522 -0.524696 0.04
-2.34544 -5.12337 0.810172 0.34151 0.0325868 0.872354 0.09
-2.34308 -5.1209 0.802663 0.341386 -0.750961 -0.0124218 0.01
-2.34069 -5.11845 0.795812 0.343774 -0.685069 0.23882 0.01
-2.33829 -5.11599 0.79649 0.343864 0.0677476 0.00905169 0.01
-2.32714 -5.10421 0.830129 0.304759 0.672788 -0.782098 0.05
-2.3104 -5.08644 0.799156 0.237714 -0.344148 -0.744949 0.09
-2.29744 -5.07272 0.829805 0.181712 0.340551 -0.62225 0.09
-2.29281 -5.06777 0.807771 0.157223 -0.550845 -0.612222 0.04
-2.28937 -5.06421 0.798576 0.172888 -0.306524 0.522169 0.03
-2.27737 -5.05247 0.75275 0.246966 -0.572819 0.925972 0.08
-2.26654 -5.04167 0.81845 0.190034 0.938563 -0.813304 0.07
-2.25814 -5.03284 0.802043 0.216119 -0.273443 0.434744 0.06
-2.24973 -5.0243 0.78346 0.183348 -0.309711 -0.546179 0.06
-2.24495 -5.0194 0.811437 0.159202 0.699416 -0.603647 0.04
-2.23723 -5.01138 0.797337 0.118968 -0.176255 -0.502929 0.08
-2.23316 -5.00724 0.791397 0.113624 -0.118797 -0.106872 0.05
-2.22856 -5.00276 0.74246 0.0288707 -0.543742 -0.941708 0.09
-2.22584 -5.00008 0.804866 0.0803956 0.89152 0.736071 0.07
-2.2209 -4.99514 0.762075 0.0593079 -0.42791 -0.210877 0.1
-2.21612 -4.99078 0.723891 0.125678 -0.545492 0.948146 0.07
-2.21514 -4.98991 0.723681 0.134959 -0.0209889 0.928125 0.01
-2.20793 -4.98312 0.792374 0.0851777 0.763254 -0.553129 0.09
-2.20527 -4.98034 0.829496 0.024875 0.530312 -0.861467 0.07
-2.20228 -4.97691 0.872973 0.066173 0.434776 0.412979 0.1
-2.20088 -4.97525 0.863572 0.0423581 -0.235024 -0.595371 0.04
-2.19652 -4.96999 0.888441 0.109429 0.276322 0.745234 0.09
-2.19286 -4.96545 0.898587 0.123916 0.202912 0.289739 0.05
-2.18643 -4.95777 0.848516 0.12645 -0.625891 0.0316754 0.08
-2.18559 -4.95682 0.855524 0.127305 0.700835 0.0854553 0.01
-2.1814 -4.95177 0.897861 0.135095 0.846732 0.155801 0.05
-2.17779 -4.94712 0.923003 0.159634 0.628562 0.613493 0.04
-2.17264 -4.94016 0.943178 0.186533 0.403502 0.537962 0.05
-2.16934 -4.93554 0.960314 0.191922 0.571179 0.179636 0.03
-2.16212 -4.92516 0.965785 0.124048 0.0683895 -0.848421 0.08
-2.16075 -4.92314 0.985565 0.120186 0.988988 -0.193079 0.02
-2.15249 -4.91035 1.00758 0.184463 0.220197 0.642763 0.1
-2.1463 -4.90072 0.991678 0.197012 -0.265108 0.209151 0.06
-2.13813 -4.88812 0.999039 0.178401 0.0920169 -0.232639 0.08
-2.13623 -4.88518 0.996966 0.171442 -0.103643 -0.347912 0.02
-2.13322 -4.88057 0.98834 0.1959 -0.287534 0.815257 0.03
-2.12516 -4.86831 0.989845 0.097548 0.0150428 -0.983521 0.1
-2.12012 -4.86126 0.907372 0.0757647 -0.82473 -0.217834 0.1
-2.11872 -4.85942 0.932801 0.0782576 0.84763 0.0830963 0.03
-2.11528 -4.85488 0.911438 0.0484419 -0.237358 -0.331285 0.09
-2.11257 -4.85151 0.877832 0.0955566 -0.560109 0.785246 0.06
-2.11054 -4.84899 0.906786 0.120464 0.965136 0.830243 0.03
-2.09964 -4.83627 0.825694 0.21461 -0.810923 0.941463 0.1
-2.09311 -4.82903 0.848423 0.175478 0.454591 -0.782653 0.05
-2.08957 -4.82505 0.836734 0.179481 -0.389649 0.133451 0.03
-2.08603 -4.82101 0.866193 0.178809 0.981958 -0.0224126 0.03
-2.07177 -4.80383 0.889207 0.267729 0.230141 0.889203 0.1
-2.06029 -4.79046 0.831635 0.235657 -0.822453 -0.458176 0.07
-2.05868 -4.78868 0.835622 0.245008 0.398668 0.935075 0.01
-2.05545 -4.78515 0.828106 0.23367 -0.37578 -0.566882 0.02
-2.04103 -4.76964 0.815824 0.295834 -0.153527 0.777048 0.08
-2.0244 -4.75097 0.873304 0.204292 0.5748 -0.915415 0.1
-2.01833 -4.74404 0.82868 0.163878 -0.892475 -0.808292 0.05
-2.00629 -4.73035 0.867399 0.24151 0.430205 0.862582 0.09
-1.98944 -4.7093 0.92241 0.29786 0.55012 0.563496 0.1
-1.97455 -4.68939 0.934505 0.323515 0.151186 0.320692 0.08
-1.95685 -4.6673 0.85855 0.384337 -0.949445 0.760271 0.08
-1.94461 -4.65254 0.898184 0.382809 0.792677 -0.0305552 0.05
-1.93142 -4.63567 0.916614 0.330992 0.307175 -0.863617 0.06
-1.9198 -4.62122 0.869546 0.286969 -0.784472 -0.733707 0.06
-1.90597 -4.60402 0.91665 0.343834 0.67291 0.812349 0.07
-1.89042 -4.58485 0.859156 0.273264 -0.718667 -0.882125 0.08
-1.87702 -4.57021 0.801185 0.293928 -0.828153 0.295204 0.07
-1.85822 -4.55134 0.774056 0.372084 -0.339122 0.976955 0.08
-1.84133 -4.53485 0.773153 0.414732 -0.0150434 0.710788 0.06
-1.8354 -4.52909 0.76836 0.411826 -0.239669 -0.145303 0.02
-1.80932 -4.50462 0.739464 0.482179 -0.361202 0.879412 0.08
-1.78307 -4.48212 0.67824 0.506001 -0.874627 0.340324 0.07
-1.74571 -4.45448 0.593301 0.423676 -0.849391 -0.823251 0.1
-1.71674 -4.43513 0.583948 0.35057 -0.10392 -0.812293 0.09
-1.69816 -4.42312 0.564203 0.386707 -0.329083 0.602281 0.06
-1.66314 -4.40294 0.482283 0.421863 -0.819198 0.351563 0.1
-1.63781 -4.38913 0.51673 0.402498 0.492105 -0.276643 0.07
-1.6072 -4.37279 0.465098 0.465108 -0.645409 0.782619 0.08
-1.58264 -4.36081 0.442053 0.445808 -0.38408 -0.321653 0.06
-1.54442 -4.34166 0.486149 0.504224 0.489956 0.64906 0.09
-1.52654 -4.33207 0.498511 0.51012 0.309064 0.147406 0.04
-1.49971 -4.31738 0.503083 0.509647 0.0761872 -0.00788852 0.06
-1.46816 -4.29968 0.519614 0.523791 0.236162 0.202055 0.07
-1.45016 -4.2891 0.543411 0.520199 0.594928 -0.0897871 0.04
-1.43208 -4.27837 0.527999 0.531042 -0.385289 0.271062 0.04
-1.4029 -4.26204 0.492526 0.583613 -0.591226 0.876194 0.06
-1.38286 -4.25129 0.492167 0.553684 -0.00896091 -0.748237 0.04
-1.34966 -4.23222 0.550968 0.540233 0.840002 -0.19215 0.07
-1.32668 -4.21759 0.583096 0.549718 0.642558 0.189687 0.05
-1.29602 -4.19852 0.528352 0.481958 -0.782057 -0.967997 0.07
-1.28759 -4.19352 0.54232 0.498113 0.698422 0.807757 0.02
-1.2746 -4.18564 0.548767 0.514872 0.214915 0.558626 0.03
-1.26599 -4.18027 0.565835 0.500367 0.853379 -0.725242 0.02
-1.25299 -4.17218 0.547451 0.519865 -0.612795 0.649926 0.03
-1.23563 -4.16153 0.552834 0.498563 0.134565 -0.532534 0.04
-1.21501 -4.14874 0.558132 0.472063 0.105963 -0.530012 0.05
-1.20691 -4.14366 0.562135 0.484516 0.200176 0.622665 0.02
-1.17107 -4.12212 0.52123 0.560792 -0.511319 0.953445 0.08
-1.15224 -4.11107 0.539852 0.530974 0.465551 -0.745435 0.04
-1.11894 -4.09208 0.497134 0.564448 -0.610263 0.478198 0.07
-1.10395 -4.08383 0.509447 0.575911 0.410449 0.382093 0.03
-1.07967 -4.06988 0.533594 0.544329 0.482946 -0.631634 0.05
-1.05137 -4.0541 0.483407 0.535801 -0.836461 -0.142134 0.06
-1.03749 -4.04659 0.509049 0.515985 0.854739 -0.660546 0.03
-0.996777 -4.02483 0.472579 0.510039 -0.405225 -0.0660652 0.09
-0.964247 -4.00861 0.452737 0.528543 -0.283452 0.264342 0.07
-0.949966 -4.00154 0.466038 0.53367 0.443366 0.170905 0.03
-0.909292 -3.97928 0.5366 0.497005 0.784023 -0.407388 0.09
-0.877399 -3.96104 0.501201 0.421487 -0.442489 -0.943979 0.08
-0.85422 -3.9486 0.484527 0.455479 -0.277899 0.566535 0.06
-0.842402 -3.94259 0.454921 0.428223 -0.986873 -0.908524 0.03
-0.822275 -3.93292 0.440941 0.464943 -0.279599 0.734402 0.05
-0.793231 -3.92033 0.376997 0.439742 -0.913482 -0.360012 0.07
-0.770167 -3.91117 0.378749 0.387388 0.0292091 -0.872581 0.06
-0.755198 -3.90517 0.38384 0.419027 0.127262 0.790987 0.04
-0.747313 -3.90197 0.387292 0.431958 0.172586 0.646558 0.02
-0.720967 -3.89051 0.433782 0.388921 0.664146 -0.61481 0.07
-0.694638 -3.8778 0.465452 0.446511 0.45243 0.822712 0.07
-0.671391 -3.86582 0.48638 0.425247 0.348802 -0.354398 0.06
-0.667611 -3.86384 0.479372 0.42834 -0.700858 0.309212 0.01
-0.646331 -3.85239 0.507879 0.377053 0.475119 -0.85477 0.06
-0.622701 -3.83822 0.571614 0.410325 0.910508 0.475314 0.07
-0.615959 -3.83387 0.575512 0.392365 0.194877 -0.898015 0.02
-0.612678 -3.83174 0.57452 0.389532 -0.0991734 -0.28333 0.01
-0.599912 -3.82362 0.559047 0.367123 -0.386816 -0.560205 0.04
-0.573182 -3.80768 0.515274 0.324489 -0.486368 -0.473712 0.09
-0.545696 -3.79251 0.493645 0.373142 -0.240322 0.54058 0.09
-0.527641 -3.78236 0.53158 0.317276 0.632251 -0.9311 0.06
-0.505805 -3.77049 0.460782 0.235149 -0.78665 -0.912517 0.09
-0.48562 -3.76048 0.46066 0.265624 -0.00135342 0.338607 0.09
-0.464596 -3.75053 0.424395 0.315896 -0.453313 0.628404 0.08
-0.450517 -3.74435 0.401769 0.299022 -0.452523 -0.337479 0.05
-0.44495 -3.74194 0.416636 0.30777 0.743353 0.437374 0.02
-0.422814 -3.73305 0.346666 0.288744 -0.87463 -0.237821 0.08
-0.403118 -3.7267 0.273482 0.228664 -0.914793 -0.750992 0.08
-0.398849 -3.72548 0.284841 0.215484 0.56794 -0.659043 0.02
-0.38226 -3.7208 0.264812 0.167572 -0.222542 -0.532347 0.09
-0.370964 -3.71766 0.276992 0.167406 0.174 -0.00238319 0.07
-0.369315 -3.71719 0.276378 0.175287 -0.0614392 0.788194 0.01
-0.352702 -3.71286 0.234678 0.206265 -0.463332 0.344192 0.09
-0.346593 -3.71135 0.249024 0.213203 0.478188 0.231285 0.03
-0.32775 -3.70558 0.348552 0.181122 0.995283 -0.320817 0.1
-0.32263 -3.7037 0.353034 0.182384 0.149408 0.0420658 0.03
-0.320966 -3.70308 0.362369 0.17287 0.93348 -0.951377 0.01
-0.299876 -3.69621 0.273897 0.270872 -0.884716 0.98002 0.1
-0.282862 -3.69177 0.237365 0.315272 -0.60887 0.739995 0.06
-0.256061 -3.6842 0.317204 0.241904 0.798392 -0.733678 0.1
-0.247068 -3.68119 0.328922 0.232278 0.29294 -0.240634 0.04
-0.236056 -3.6773 0.349209 0.234835 0.405747 0.0511395 0.05
-0.233884 -3.67652 0.341952 0.226893 -0.725668 -0.794245 0.01
-0.209886 -3.66811 0.33277 0.28169 -0.0918281 0.547975 0.1
-0.196335 -3.66359 0.310766 0.28971 -0.440065 0.160388 0.05
-0.177447 -3.65813 0.251302 0.272119 -0.849486 -0.25129 0.07
-0.161243 -3.6542 0.225053 0.283691 -0.437496 0.192862 0.06
-0.132718 -3.64632 0.312779 0.308361 0.87726 0.246701 0.1
-0.129755 -3.64535 0.31915 0.315255 0.637164 0.689383 0.01
-0.118491 -3.64159 0.325522 0.278497 0.15928 -0.918961 0.04
-0.115896 -3.64072 0.322161 0.268884 -0.336033 -0.961298 0.01
-0.0993349 -3.63543 0.29485 0.227818 -0.390159 -0.586654 0.07
-0.0814345 -3.62955 0.340127 0.243314 0.56596 0.193696 0.08
-0.0706525 -3.62588 0.315079 0.212247 -0.500961 -0.621338 0.05
-0.0594447 -3.62245 0.280398 0.256644 -0.693614 0.88795 0.05
-0.0397396 -3.61709 0.250412 0.253881 -0.374828 -0.0345415 0.08
-0.0130219 -3.6109 0.205755 0.294654 -0.446569 0.407736 0.1
-0.00724402 -3.60973 0.195201 0.294948 -0.527711 0.0146919 0.02
0.0146136 -3.60564 0.175079 0.340396 -0.287457 0.64925 0.07
0.0212073 -3.60447 0.176937 0.329319 0.0929144 -0.553853 0.02
0.0311794 -3.60277 0.161442 0.345117 -0.516501 0.526604 0.03
0.0345885 -3.6022 0.167588 0.346029 0.614566 0.0912404 0.01
0.0450008 -3.60038 0.178603 0.358662 0.367186 0.421106 0.03
0.0591372 -3.59763 0.205375 0.361412 0.669289 0.0687482 0.04
0.0994339 -3.59048 0.148023 0.457218 -0.573515 0.958061 0.1
0.122163 -3.58753 0.110218 0.459621 -0.756098 0.0480553 0.05
0.157562 -3.5845 0.0598351 0.428689 -0.629791 -0.386647 0.08
0.198271 -3.58189 0.0681755 0.477805 0.0926708 0.545727 0.09
0.217036 -3.58094 0.0326357 0.461698 -0.888496 -0.402676 0.04
0.246922 -3.58093 -0.0332599 0.392363 -0.941366 -0.990499 0.07
0.271769 -3.58176 -0.0338822 0.436326 -0.0103723 0.732711 0.06
0.312777 -3.58505 -0.128301 0.386784 -0.944192 -0.495419 0.1
0.328454 -3.58709 -0.130629 0.40365 -0.0581894 0.421666 0.04
0.363466 -3.59225 -0.162168 0.382844 -0.350429 -0.231182 0.09
0.394179 -3.59619 -0.0898913 0.305377 0.803071 -0.860741 0.09
0.419782 -3.59797 -0.0465306 0.207978 0.433607 -0.973994 0.1
0.426133 -3.59832 -0.0633062 0.216037 -0.559185 0.268643 0.03
0.434378 -3.59889 -0.0740612 0.197189 -0.268876 -0.471202 0.04
0.458767 -3.6007 -0.0740333 0.291927 0.000279008 0.947376 0.1
0.480103 -3.60197 -0.044028 0.242448 0.375066 -0.618483 0.08
0.499496 -3.60301 -0.0636813 0.24308 -0.245666 0.00789501 0.08
0.520502 -3.60417 -0.0469144 0.282882 0.209586 0.497531 0.08
0.535606 -3.60473 -0.0280148 0.321707 0.377992 0.776488 0.05
0.567963 -3.60524 -0.00412589 0.397434 0.265432 0.841413 0.09
0.583445 -3.6051 0.0222644 0.376742 0.659756 -0.517298 0.04
0.605704 -3.60403 0.0744648 0.366172 0.870008 -0.176156 0.06
0.613033 -3.60341 0.0932297 0.369265 0.938245 0.154648 0.02
0.626946 -3.60188 0.126943 0.330635 0.842835 -0.965748 0.04
0.63021 -3.60147 0.122425 0.327396 -0.451797 -0.323921 0.01
0.636654 -3.60071 0.11193 0.321395 -0.524779 -0.300043 0.02
0.639883 -3.60034 0.117078 0.32867 0.514799 0.727413 0.01
0.659963 -3.59812 0.103079 0.344752 -0.233307 0.268036 0.06
0.679886 -3.59551 0.158025 0.325102 0.91577 -0.327495 0.06
0.708675 -3.59161 0.109139 0.255992 -0.488859 -0.691097 0.1
0.716528 -3.59076 0.105862 0.270559 -0.109265 0.485562 0.03
0.727 -3.58968 0.101069 0.255875 -0.119808 -0.367096 0.04
0.729507 -3.58942 0.10549 0.248161 0.442112 -0.771428 0.01
0.7367 -3.58869 0.0949342 0.233818 -0.35187 -0.478113 0.03
0.752442 -3.5872 0.0944633 0.293276 -0.00784832 0.990969 0.06
0.768367 -3.58523 0.153169 0.241647 0.978422 -0.860483 0.06
0.791388 -3.58078 0.226762 0.27952 0.817704 0.420818 0.09
0.794134 -3.58015 0.224307 0.284047 -0.245463 0.45269 0.01
0.796925 -3.57951 0.231163 0.28883 0.685533 0.478299 0.01
0.805259 -3.57743 0.256903 0.283737 0.858004 -0.169776 0.03
0.827012 -3.57158 0.268345 0.279394 0.143029 -0.0542827 0.08
0.845601 -3.56643 0.272212 0.271731 0.0552448 -0.109469 0.07
0.848216 -3.56571 0.27072 0.271268 -0.149183 -0.0463771 0.01
0.860252 -3.5621 0.312377 0.231326 0.833136 -0.798843 0.05
0.882772 -3.55593 0.225961 0.28774 -0.96018 0.626822 0.09
0.89083 -3.55415 0.208785 0.262436 -0.572526 -0.843458 0.03
0.912739 -3.54858 0.289882 0.240034 0.901073 -0.248911 0.09
0.915061 -3.54788 0.294868 0.244943 0.498658 0.49089 0.01
0.922007 -3.5458 0.287062 0.238442 -0.260218 -0.216688 0.03
0.9393 -3.54024 0.3362 0.21575 0.614222 -0.283651 0.08
0.954622 -3.5349 0.334964 0.247885 -0.0176486 0.459077 0.07
0.967844 -3.5301 0.361266 0.220921 0.43837 -0.4494 0.06
0.974283 -3.52758 0.385295 0.240174 0.800948 0.641751 0.03
0.994576 -3.51877 0.431863 0.312946 0.582107 0.909647 0.08
1.00951 -3.51164 0.457944 0.349051 0.521603 0.722115 0.05
1.02265 -3.50549 0.418294 0.376524 -0.991246 0.68681 0.04
1.03674 -3.49933 0.406035 0.392083 -0.306457 0.388989 0.04
1.06671 -3.48604 0.429708 0.336523 0.263027 -0.617341 0.09
1.09807 -3.47316 0.352404 0.417039 -0.858933 0.894626 0.09
1.13264 -3.45899 0.428384 0.330375 0.759803 -0.866643 0.1
1.15604 -3.44788 0.460118 0.24529 0.352594 -0.945383 0.09
1.17306 -3.43905 0.496438 0.234138 0.454005 -0.139401 0.08
1.17514 -3.43792 0.505249 0.238631 0.881083 0.449248 0.01
1.19047 -3.42902 0.54767 0.204466 0.530267 -0.427061 0.08
1.19599 -3.42563 0.552222 0.227814 0.151717 0.778269 0.03
1.20684 -3.41911 0.530321 0.194037 -0.365007 -0.562944 0.06
1.21476 -3.4146 0.503127 0.170701 -0.543897 -0.466725 0.05
1.22672 -3.4076 0.556379 0.175746 0.665658 0.0630617 0.08
1.23705 -3.40108 0.569167 0.231354 0.21313 0.926809 0.06
1.24615 -3.39511 0.59135 0.203969 0.443654 -0.547705 0.05
1.25093 -3.39199 0.566121 0.17693 -0.840968 -0.901314 0.03
1.25848 -3.38727 0.551432 0.179012 -0.293765 0.041642 0.05
1.26889 -3.38122 0.500199 0.16503 -0.731907 -0.199743 0.07
1.28017 -3.3749 0.521568 0.204431 0.305271 0.562868 0.07
1.28583 -3.37156 0.541648 0.233951 0.669347 0.984027 0.03
1.30257 -3.36183 0.511571 0.250091 -0.37596 0.201751 0.08
1.31274 -3.35595 0.538776 0.219759 0.544095 -0.606642 0.05
1.33056 -3.34465 0.592121 0.202217 0.533446 -0.175426 0.1
1.34397 -3.33572 0.583414 0.25829 -0.124387 0.801048 0.07
1.35873 -3.32588 0.5918 0.248585 0.119796 -0.138643 0.07
1.37523 -3.31433 0.630086 0.25485 0.478579 0.0783103 0.08
1.3834 -3.30839 0.627776 0.250341 -0.0577542 -0.112723 0.04
1.38544 -3.30689 0.635809 0.256294 0.803376 0.595263 0.01
1.39991 -3.29682 0.580364 0.24735 -0.792078 -0.127762 0.07
1.40422 -3.29401 0.575228 0.267275 -0.256794 0.996254 0.02
1.4137 -3.28768 0.600857 0.302453 0.640722 0.879435 0.04
1.43061 -3.27568 0.633681 0.289986 0.468921 -0.178103 0.07
1.44699 -3.26273 0.706882 0.232159 0.915006 -0.72283 0.08
1.44877 -3.26122 0.70611 0.235527 -0.0771636 0.336757 0.01
1.46112 -3.25088 0.687162 0.224594 -0.270686 -0.156189 0.07
1.46468 -3.24796 0.687251 0.236628 0.00444643 0.601716 0.02
1.48675 -3.2305 0.652996 0.326044 -0.342553 0.894164 0.1
1.51583 -3.21008 0.573541 0.384834 -0.794552 0.587897 0.1
1.52554 -3.20364 0.598602 0.392387 0.835369 0.251767 0.03
1.55202 -3.18587 0.583334 0.404776 -0.190851 0.154861 0.08
1.58281 -3.16646 0.540113 0.323303 -0.432203 -0.814731 0.1
1.60016 -3.15635 0.515071 0.345923 -0.417364 0.376999 0.06
1.61864 -3.14599 0.507175 0.360277 -0.131614 0.239247 0.06
1.62495 -3.14256 0.488469 0.357818 -0.935285 -0.12299 0.02
1.63473 -3.13742 0.47871 0.37909 -0.325313 0.70908 0.03
1.66807 -3.11945 0.509031 0.46244 0.336906 0.926106 0.09
1.68041 -3.11237 0.53292 0.486667 0.796286 0.807595 0.03
1.72256 -3.08547 0.602513 0.513608 0.695935 0.269402 0.1
1.73877 -3.07401 0.628474 0.478649 0.64903 -0.873971 0.04
1.77054 -3.05014 0.661246 0.404483 0.364133 -0.82406 0.09
1.78905 -3.03586 0.652655 0.374669 -0.143183 -0.49691 0.06
1.81312 -3.01666 0.695296 0.30967 0.473781 -0.722204 0.09
1.81802 -3.01265 0.677682 0.323747 -0.880685 0.703832 0.02
1.83383 -2.99903 0.7464 0.272646 0.981685 -0.730021 0.07
1.85353 -2.98032 0.773102 0.270672 0.267024 -0.0197381 0.1
1.85901 -2.97494 0.77766 0.241304 0.151928 -0.978936 0.03
1.87617 -2.95867 0.739804 0.231764 -0.378561 -0.0953972 0.1
1.89122 -2.94571 0.681853 0.209539 -0.643899 -0.246943 0.09
1.90294 -2.93685 0.612775 0.210361 -0.986828 0.0117384 0.07
1.9114 -2.93114 0.572612 0.197796 -0.803256 -0.25129 0.05
1.92462 -2.92315 0.512499 0.145624 -0.667925 -0.579692 0.09
1.93281 -2.91837 0.543224 0.125267 0.438929 -0.290816 0.07
1.93989 -2.9143 0.50197 0.146988 -0.68757 0.362016 0.06
1.94118 -2.9136 0.496504 0.14574 -0.546601 -0.124771 0.01
1.95312 -2.90705 0.506503 0.157114 0.111099 0.126371 0.09
1.95939 -2.90348 0.529104 0.131419 0.45202 -0.513896 0.05
1.9729 -2.89566 0.52123 0.215322 -0.0874877 0.93226 0.09
1.98492 -2.88829 0.579672 0.18766 0.834884 -0.395173 0.07
1.99808 -2.87924 0.627235 0.167282 0.528481 -0.226421 0.09
2.00228 -2.87623 0.612904 0.177093 -0.477715 0.327021 0.03
2.00916 -2.87119 0.651991 0.164038 0.78175 -0.261088 0.05
2.02214 -2.8614 0.642049 0.242514 -0.124279 0.980948 0.08
2.03042 -2.85531 0.62543 0.271059 -0.415481 0.713612 0.04
2.04722 -2.84367 0.586014 0.240165 -0.492696 -0.38617 0.08
2.05117 -2.84103 0.592583 0.234834 0.328459 -0.266558 0.02
2.07161 -2.82826 0.526661 0.300804 -0.73247 0.732997 0.09
2.07666 -2.82526 0.544899 0.286729 0.911929 -0.703731 0.02
2.09992 -2.81114 0.546179 0.257471 0.0127972 -0.29258 0.1
2.10872 -2.8057 0.562974 0.259792 0.419879 0.0580154 0.04
2.12004 -2.79881 0.529686 0.27011 -0.665771 0.206363 0.05
2.13949 -2.78757 0.51841 0.22924 -0.12529 -0.454115 0.09
2.15638 -2.77826 0.489132 0.252785 -0.365971 0.294315 0.08
2.17402 -2.76893 0.484073 0.190762 -0.0562096 -0.689146 0.09
2.17936 -2.76609 0.492312 0.212764 0.274639 0.733403 0.03
2.19064 -2.7598 0.524636 0.217728 0.538728 0.0827316 0.06
2.19796 -2.75557 0.523966 0.204859 -0.0167462 -0.32171 0.04
2.20362 -2.75235 0.509909 0.229042 -0.468581 0.806088 0.03
2.22189 -2.74122 0.586203 0.198934 0.762948 -0.30108 0.1
2.23965 -2.72966 0.568952 0.272134 -0.191678 0.813335 0.09
2.25496 -2.72035 0.523199 0.239786 -0.653615 -0.46211 0.07
2.26869 -2.71259 0.505982 0.286005 -0.286959 0.770316 0.06
2.27368 -2.70976 0.525635 0.287028 0.982673 0.0511584 0.02
2.27614 -2.70834 0.523151 0.281778 -0.24841 -0.525042 0.01
2.30131 -2.6943 0.495328 0.358744 -0.309141 0.85518 0.09
2.31741 -2.68587 0.469128 0.368024 -0.52401 0.185604 0.05
2.32067 -2.68421 0.475516 0.363509 0.638822 -0.451519 0.01
2.3331 -2.67769 0.490817 0.338647 0.382531 -0.621565 0.04
2.33921 -2.67443 0.488833 0.353392 -0.0992436 0.737289 0.02
2.3516 -2.66776 0.498133 0.350278 0.232503 -0.0778499 0.04
2.36374 -2.66103 0.515102 0.343522 0.424245 -0.168921 0.04
2.38544 -2.64949 0.460248 0.271036 -0.685682 -0.906073 0.08
2.39255 -2.64595 0.463378 0.258492 0.104335 -0.418123 0.03
2.40248 -2.64098 0.46376 0.296902 0.00954744 0.960253 0.04
2.40518 -2.63964 0.45858 0.306093 -0.518016 0.919037 0.01
2.41918 -2.6328 0.45053 0.317011 -0.160998 0.218379 0.05
2.43384 -2.62538 0.486882 0.340526 0.727051 0.470296 0.05
2.45707 -2.6133 0.471465 0.313918 -0.192719 -0.332606 0.08
2.48749 -2.5967 0.526038 0.379349 0.54573 0.654313 0.1
2.50054 -2.58922 0.514818 0.372236 -0.280491 -0.17782 0.04
2.53129 -2.57104 0.553511 0.342382 0.386925 -0.298539 0.1
2.55926 -2.55323 0.581031 0.320766 0.275204 -0.216162 0.1
2.57342 -2.54373 0.600552 0.361449 0.390427 0.813645 0.05
2.59577 -2.52877 0.579519 0.406997 -0.300479 0.650697 0.07
2.62584 -2.51013 0.529784 0.379312 -0.552612 -0.307616 0.09
2.64849 -2.49745 0.490638 0.362482 -0.559224 -0.240432 0.07
2.66788 -2.4873 0.473621 0.366925 -0.283615 0.0740563 0.06
2.69321 -2.47409 0.48774 0.347127 0.176481 -0.247473 0.08
2.71533 -2.46277 0.457367 0.274261 -0.379658 -0.910834 0.08
2.72025 -2.46033 0.462499 0.274026 0.256606 -0.0117402 0.02
2.72269 -2.45911 0.464 0.273303 0.150086 -0.0722337 0.01
2.74816 -2.4461 0.479838 0.362144 0.17598 0.987114 0.09
2.76079 -2.43934 0.504119 0.354229 0.607025 -0.197865 0.04
2.78782 -2.42445 0.502613 0.417277 -0.0188246 0.788102 0.08
2.82293 -2.40446 0.531959 0.48072 0.326062 0.704917 0.09
2.85037 -2.38757 0.571853 0.439761 0.569917 -0.58513 0.07
2.85781 -2.38276 0.575708 0.446443 0.192768 0.334133 0.02
2.87558 -2.37095 0.598111 0.40712 0.448053 -0.786473 0.05
2.90686 -2.34983 0.589754 0.431398 -0.092851 0.269758 0.09
2.91386 -2.34513 0.594366 0.412162 0.230586 -0.961795 0.02
2.93073 -2.33372 0.594805 0.40265 0.0087802 -0.190236 0.05
2.94409 -2.32468 0.594753 0.40367 -0.00130501 0.0255025 0.04
2.95406 -2.31787 0.604255 0.40131 0.316723 -0.0786712 0.03
2.96047 -2.31336 0.620435 0.383047 0.809007 -0.913145 0.02
2.97359 -2.30431 0.588184 0.413682 -0.806276 0.76586 0.04
3.01111 -2.28037 0.548638 0.476564 -0.395457 0.628828 0.1
3.04858 -2.25693 0.569757 0.407422 0.211187 -0.691428 0.1
3.08243 -2.23651 0.515437 0.383249 -0.543199 -0.241728 0.1
3.10086 -2.22579 0.538634 0.327399 0.386623 -0.930837 0.06
3.13123 -2.20688 0.574236 0.388263 0.356013 0.608643 0.1
3.15174 -2.19397 0.54962 0.419717 -0.410266 0.524229 0.06
3.17359 -2.18007 0.583218 0.443326 0.559966 0.393496 0.06
3.18832 -2.1701 0.606375 0.446085 0.578937 0.0689565 0.04
3.2073 -2.15648 0.638077 0.488385 0.634046 0.846011 0.05
3.21126 -2.15354 0.641242 0.497446 0.316422 0.906118 0.01
3.22366 -2.14453 0.61563 0.524866 -0.85374 0.914003 0.03
3.23217 -2.13842 0.629 0.522594 0.668506 -0.113619 0.02
3.24973 -2.12577 0.619642 0.559559 -0.233939 0.924119 0.04
3.28017 -2.10456 0.596982 0.500452 -0.323719 -0.844388 0.07
3.30525 -2.08825 0.556382 0.496797 -0.676664 -0.0609121 0.06
3.34591 -2.06214 0.585498 0.469607 0.291158 -0.271896 0.1
3.35775 -2.05432 0.581991 0.476648 -0.116876 0.234679 0.03
3.39408 -2.0315 0.539929 0.476774 -0.467358 0.00140305 0.09
3.42737 -2.0119 0.524314 0.488944 -0.195195 0.152127 0.08
3.47043 -1.986 0.558135 0.516163 0.338211 0.272188 0.1
3.4793 -1.98057 0.541061 0.524036 -0.853676 0.393642 0.02
3.49696 -1.97041 0.502934 0.49454 -0.953187 -0.737386 0.04
3.52351 -1.95665 0.453634 0.502344 -0.821664 0.130052 0.06
3.53665 -1.9502 0.459196 0.473531 0.185414 -0.960423 0.03
3.57718 -1.93148 0.407012 0.518767 -0.579827 0.502623 0.09
3.60648 -1.91957 0.365241 0.535628 -0.69618 0.281022 0.06
3.64119 -1.90589 0.385726 0.530289 0.292644 -0.0762714 0.07
3.64613 -1.90387 0.389195 0.536271 0.346888 0.59814 0.01
3.67947 -1.89146 0.322263 0.480421 -0.956178 -0.797852 0.07
3.72058 -1.8758 0.405362 0.497467 0.92333 0.189397 0.09
3.76206 -1.85772 0.416765 0.508001 0.126692 0.11705 0.09
3.80574 -1.83916 0.386737 0.546718 -0.333642 0.430183 0.09
3.84268 -1.82496 0.347855 0.583952 -0.555449 0.531911 0.07
3.88213 -1.81016 0.369857 0.620147 0.314316 0.517085 0.07
3.92913 -1.79068 0.415475 0.651866 0.570222 0.396486 0.08
3.97011 -1.77253 0.418673 0.628594 0.0456795 -0.332468 0.07
4.01294 -1.75508 0.355824 0.692973 -0.897844 0.919706 0.07
4.04593 -1.74217 0.389913 0.724243 0.681777 0.625403 0.05
4.0593 -1.73666 0.391881 0.721779 0.0984248 -0.123201 0.02
4.07896 -1.7282 0.421116 0.705303 0.974487 -0.549196 0.03
4.11101 -1.71446 0.388988 0.689485 -0.642561 -0.316361 0.05
4.1728 -1.68939 0.381602 0.644192 -0.0738552 -0.452931 0.1
4.2073 -1.67537 0.390624 0.597208 0.150365 -0.783069 0.06
4.21282 -1.6731 0.389837 0.596647 -0.0786567 -0.0561232 0.01
4.25216 -1.65763 0.359638 0.611005 -0.431414 0.205122 0.07
4.28008 -1.64752 0.33529 0.577124 -0.486972 -0.677623 0.05
4.30791 -1.63771 0.342202 0.603106 0.138234 0.519645 0.05
4.36252 -1.62113 0.245543 0.538775 -0.966586 -0.643316 0.1
4.39245 -1.61427 0.20404 0.484642 -0.691714 -0.902218 0.06
4.43835 -1.60266 0.289245 0.567856 0.946724 0.924606 0.09
4.47171 -1.59218 0.319665 0.597779 0.506994 0.498712 0.06
4.51858 -1.57776 0.277378 0.628213 -0.528581 0.380427 0.08
4.56767 -1.5617 0.354362 0.663317 0.962296 0.438793 0.08
4.61242 -1.54691 0.284579 0.683673 -0.996907 0.290809 0.07
4.63902 -1.53874 0.310785 0.707834 0.655148 0.604008 0.04
4.70787 -1.51517 0.348702 0.747664 0.379177 0.398301 0.1
4.72887 -1.50759 0.343403 0.740596 -0.176649 -0.235591 0.03
4.74264 -1.50269 0.341454 0.721058 -0.0974555 -0.976902 0.02
4.80014 -1.48043 0.398051 0.649317 0.628855 -0.797116 0.09
4.84543 -1.46039 0.435765 0.588959 0.471432 -0.754476 0.08
4.8728 -1.44804 0.412049 0.611897 -0.474328 0.458751 0.05
4.92637 -1.42754 0.316825 0.535724 -0.952235 -0.761733 0.1
4.96959 -1.41382 0.298595 0.59802 -0.227879 0.778703 0.08
4.98661 -1.40849 0.307908 0.591197 0.31042 -0.227432 0.03
5.02156 -1.39647 0.354258 0.640694 0.772515 0.824949 0.06
5.06287 -1.38173 0.330984 0.612615 -0.332496 -0.401134 0.07
5.10891 -1.36621 0.319012 0.602077 -0.149651 -0.131725 0.08
5.15635 -1.34965 0.352155 0.653944 0.414297 0.648341 0.08
5.20926 -1.33094 0.32734 0.593317 -0.275724 -0.673635 0.09
5.24762 -1.31813 0.316976 0.56214 -0.148065 -0.445382 0.07
5.28313 -1.30575 0.354618 0.512375 0.537746 -0.710927 0.07
5.32058 -1.2918 0.358449 0.486806 0.0478843 -0.319616 0.08
5.36737 -1.27492 0.334247 0.507983 -0.242017 0.21177 0.1
5.38157 -1.26982 0.356019 0.498212 0.725743 -0.325688 0.03
5.42478 -1.25231 0.413366 0.538012 0.637183 0.442223 0.09
5.45471 -1.23881 0.433645 0.556255 0.337981 0.304055 0.06
5.4598 -1.23646 0.430423 0.565761 -0.322186 0.950511 0.01
5.50813 -1.21276 0.480654 0.630466 0.55813 0.718947 0.09
5.52486 -1.20414 0.470673 0.624068 -0.332708 -0.213265 0.03
5.53601 -1.1985 0.465853 0.626074 -0.241025 0.100298 0.02
5.57415 -1.17993 0.440227 0.586095 -0.36608 -0.571126 0.07
5.59012 -1.17248 0.43225 0.58849 -0.265891 0.0798395 0.03
5.62676 -1.15428 0.490131 0.580615 0.826864 -0.112504 0.07
5.63699 -1.1489 0.477819 0.5744 -0.615579 -0.31075 0.02
5.67984 -1.12623 0.495164 0.637809 0.216809 0.79261 0.08
5.71751 -1.10503 0.530708 0.59707 0.507777 -0.581985 0.07
5.76979 -1.07596 0.484195 0.599407 -0.465136 0.02337 0.1
5.78025 -1.07053 0.47224 0.579589 -0.597714 -0.990913 0.02
5.81566 -1.05392 0.404348 0.538061 -0.969894 -0.593253 0.07
5.82059 -1.05178 0.413492 0.536131 0.914448 -0.192996 0.01
5.86726 -1.03184 0.394052 0.478922 -0.194407 -0.572089 0.1
5.89579 -1.01913 0.445135 0.41374 0.729759 -0.931173 0.07
5.90321 -1.01556 0.452287 0.409589 0.3576 -0.20753 0.02
5.93396 -0.999591 0.504628 0.456573 0.654269 0.587295 0.08
5.9684 -0.98115 0.47902 0.520246 -0.320104 0.795918 0.08
6.00285 -0.963319 0.476233 0.58811 -0.0398151 0.969485 0.07
6.04688 -0.941532 0.441912 0.503543 -0.381344 -0.939632 0.09
6.0604 -0.935025 0.455406 0.496674 0.449816 -0.228988 0.03
6.08255 -0.92479 0.40992 0.479524 -0.909732 -0.342993 0.05
6.09975 -0.917214 0.419851 0.460362 0.248285 -0.479053 0.04
6.13872 -0.899199 0.446977 0.398152 0.271254 -0.622095 0.1
6.14585 -0.8957 0.465332 0.396264 0.917794 -0.0944096 0.02
6.17839 -0.877774 0.54329 0.347046 0.779573 -0.492181 0.1
6.19862 -0.865216 0.567924 0.333308 0.351922 -0.196254 0.07
6.2014 -0.863426 0.577339 0.327273 0.94148 -0.60353 0.01
6.20934 -0.85816 0.593948 0.307954 0.553647 -0.64397 0.03
6.23157 -0.843443 0.575665 0.284384 -0.203149 -0.261884 0.09
6.23851 -0.838992 0.564061 0.265637 -0.386805 -0.624901 0.03
6.25564 -0.828344 0.548697 0.310577 -0.219477 0.641993 0.07
6.27177 -0.818069 0.585388 0.32697 0.611516 0.273219 0.06
6.29684 -0.801368 0.589909 0.34243 0.0502262 0.17178 0.09
6.31263 -0.790503 0.616324 0.296418 0.440256 -0.766873 0.06
6.31749 -0.787082 0.610367 0.297867 -0.29786 0.0724429 0.02
6.3389 -0.770956 0.680731 0.297886 0.781819 0.000211651 0.09
6.34121 -0.769063 0.689959 0.300274 0.922817 0.23883 0.01
6.35503 -0.756966 0.748041 0.311887 0.968038 0.193545 0.06
6.37226 -0.740293 0.78843 0.37329 0.576984 0.877185 0.07
6.38835 -0.724622 0.756087 0.375406 -0.539047 0.0352712 0.06
6.40456 -0.709927 0.716293 0.353966 -0.663243 -0.357334 0.06
6.42679 -0.689765 0.756392 0.396323 0.501239 0.529463 0.08
6.44883 -0.667547 0.822498 0.386296 0.82633 -0.125336 0.08
6.46815 -0.64723 0.797865 0.314617 -0.307912 -0.895994 0.08
6.4775 -0.637863 0.775135 0.347099 -0.568247 0.812055 0.04
6.48525 -0.630457 0.750788 0.367503 -0.811563 0.680132 0.03
6.50038 -0.616269 0.755836 0.323885 0.0841306 -0.726962 0.06
6.50271 -0.61408 0.751794 0.315821 -0.404199 -0.806416 0.01
6.50968 -0.60773 0.726336 0.312636 -0.848602 -0.106166 0.03
6.52155 -0.597595 0.686742 0.311844 -0.791884 -0.0158468 0.05
6.53182 -0.589322 0.669516 0.347704 -0.430643 0.896502 0.04
6.5588 -0.568831 0.630628 0.405184 -0.432095 0.638666 0.09
6.5689 -0.561439 0.63363 0.428844 0.100085 0.788681 0.03
6.57899 -0.553908 0.64808 0.410865 0.481638 -0.5993 0.03
6.60691 -0.533102 0.63245 0.362938 -0.173667 -0.532517 0.09
6.63375 -0.514562 0.576716 0.361934 -0.619257 -0.011157 0.09
6.63995 -0.5106 0.560408 0.374016 -0.815405 0.604085 0.02
6.66253 -0.49582 0.600299 0.300673 0.498629 -0.916794 0.08
6.66763 -0.492296 0.60744 0.319885 0.357052 0.960615 0.02
6.69483 -0.472342 0.657735 0.354763 0.502955 0.348784 0.1
6.71521 -0.456129 0.685854 0.389351 0.401694 0.49411 0.07
6.72405 -0.449058 0.66278 0.36554 -0.769112 -0.793702 0.03
6.73515 -0.440233 0.681355 0.34329 0.464363 -0.556248 0.04
6.74638 -0.431312 0.66171 0.37376 -0.491133 0.761751 0.04
6.76585 -0.416999 0.607006 0.43207 -0.911731 0.971827 0.06
6.77608 -0.409745 0.627497 0.403613 0.683055 -0.948546 0.03
6.80034 -0.391415 0.665735 0.465182 0.546248 0.87955 0.07
6.8222 -0.37489 0.628565 0.448326 -0.619501 -0.280933 0.06
6.82928 -0.369656 0.644425 0.432262 0.792992 -0.803181 0.02
6.85489 -0.35139 0.593177 0.354157 -0.640594 -0.976319 0.08
6.86386 -0.345187 0.616294 0.373127 0.770578 0.632352 0.03
6.88424 -0.330653 0.622795 0.342042 0.0928648 -0.444079 0.07
6.90445 -0.316694 0.586494 0.359765 -0.518577 0.253187 0.07
6.91982 -0.306887 0.549428 0.369586 -0.741326 0.196434 0.05
6.94177 -0.293324 0.55737 0.367729 0.11346 -0.0265287 0.07
6.97352 -0.272443 0.60556 0.392378 0.481899 0.246487 0.1
6.99033 -0.260177 0.65462 0.439893 0.981198 0.950306 0.05
7.01947 -0.238511 0.622978 0.367139 -0.351585 -0.808384 0.09
7.03086 -0.230193 0.639369 0.337823 0.409795 -0.732894 0.04
7.03615 -0.22618 0.657379 0.326711 0.900491 -0.555592 0.02
7.04132 -0.222176 0.661574 0.326808 0.209725 0.00484771 0.02
7.06046 -0.207794 0.627352 0.357417 -0.488884 0.437264 0.07
7.07554 -0.197014 0.614386 0.383905 -0.259319 0.529763 0.05
7.10251 -0.178757 0.574772 0.339982 -0.440155 -0.488029 0.09
7.1144 -0.170833 0.600753 0.374348 0.649538 0.859143 0.04
7.13383 -0.157731 0.585995 0.406821 -0.245968 0.541221 0.06
7.15502 -0.14293 0.632454 0.454912 0.774315 0.801513 0.06
7.19444 -0.115038 0.599801 0.510888 -0.32653 0.559762 0.1
7.23345 -0.0864307 0.664592 0.56432 0.719902 0.59369 0.09
7.27033 -0.0568835 0.687038 0.485741 0.249393 -0.873106 0.09
7.29269 -0.0393591 0.641934 0.46139 -0.751734 -0.405837 0.06
7.31034 -0.0262753 0.633682 0.417471 -0.165043 -0.878383 0.05
7.3265 -0.0141794 0.65151 0.390018 0.356576 -0.549059 0.05
7.34263 -0.00210024 0.634605 0.41584 -0.3381 0.516437 0.05
7.35271 0.00528273 0.629492 0.417269 -0.170454 0.0476371 0.03
7.35932 0.0101272 0.635491 0.40224 0.299964 -0.751465 0.02
7.39009 0.0308309 0.54964 0.422234 -0.953896 0.222159 0.09
7.41149 0.0444414 0.583339 0.423159 0.561635 0.0154204 0.06
7.41872 0.049147 0.571506 0.438946 -0.591641 0.789339 0.02
7.45517 0.0728197 0.580147 0.526944 0.0960191 0.977749 0.09
7.49617 0.100169 0.596206 0.568294 0.178434 0.459451 0.09
7.52527 0.119648 0.583697 0.598933 -0.208485 0.510647 0.06
7.56892 0.150208 0.638063 0.585344 0.604066 -0.150987 0.09
7.61661 0.185484 0.635593 0.601122 -0.0247051 0.157779 0.1
7.62629 0.19269 0.644796 0.605181 0.46017 0.202927 0.02
7.67856 0.232163 0.648721 0.704802 0.0392511 0.996217 0.1
7.68961 0.240706 0.66705 0.692433 0.916431 -0.618457 0.02
7.69505 0.244975 0.664999 0.689563 -0.205089 -0.287014 0.01
7.74076 0.281388 0.680524 0.609246 0.172499 -0.892408 0.09
7.75513 0.292865 0.667634 0.616609 -0.429681 0.245434 0.03
7.7648 0.300568 0.677422 0.619888 0.489409 0.163917 0.02
7.77442 0.308374 0.686304 0.618657 0.444091 -0.061548 0.02
7.80841 0.334476 0.623236 0.606007 -0.90097 -0.180704 0.07
7.83264 0.351038 0.575324 0.568199 -0.958241 -0.756175 0.05
7.85981 0.369322 0.609843 0.52348 0.57532 -0.745313 0.06
7.8802 0.383783 0.624132 0.476458 0.285782 -0.94043 0.05
7.91965 0.413292 0.659957 0.508857 0.358255 0.323983 0.1
7.92368 0.416406 0.655139 0.510292 -0.481826 0.143474 0.01
7.94004 0.429404 0.687481 0.534418 0.808538 0.603174 0.04
7.97874 0.458912 0.615773 0.547219 -0.796749 0.142233 0.09
8.0116 0.480853 0.562051 0.581987 -0.767453 0.49668 0.07
8.0307 0.493035 0.573872 0.550406 0.295513 -0.789538 0.04
8.07529 0.519762 0.507012 0.605194 -0.74289 0.608761 0.09
8.12304 0.547852 0.556274 0.625985 0.547358 0.231012 0.09
8.15354 0.567822 0.603543 0.58939 0.787815 -0.609922 0.06
8.16325 0.574606 0.616703 0.594669 0.657998 0.263976 0.02
8.19342 0.596681 0.646008 0.651672 0.488425 0.95004 0.06
8.2039 0.604699 0.660329 0.667544 0.71604 0.793592 0.02
8.24838 0.642326 0.744714 0.627582 0.93761 -0.444012 0.09
8.28227 0.67556 0.807717 0.559295 0.787536 -0.853599 0.08
8.30721 0.700107 0.748268 0.607174 -0.990821 0.797993 0.06
8.33441 0.72535 0.747969 0.629761 -0.00498219 0.376445 0.06
8.33906 0.729662 0.747559 0.638455 -0.0409399 0.869416 0.01
8.37945 0.765895 0.714094 0.567426 -0.371837 -0.789206 0.09
8.42167 0.804498 0.767035 0.576908 0.52941 0.0948187 0.1
8.42583 0.808529 0.773885 0.580718 0.685003 0.380952 0.01
8.4465 0.828446 0.759312 0.567733 -0.291459 -0.259691 0.05
8.483 0.861989 0.726844 0.533861 -0.360763 -0.376362 0.09
8.49926 0.876342 0.719606 0.550588 -0.180939 0.41818 0.04
8.53423 0.90688 0.71612 0.481055 -0.0387281 -0.772588 0.09
8.54509 0.916058 0.686947 0.466982 -0.972434 -0.469103 0.03
8.56247 0.930078 0.670342 0.426237 -0.332117 -0.814906 0.05
8.58376 0.946564 0.648001 0.47127 -0.372342 0.750559 0.06
8.61578 0.968861 0.569322 0.504491 -0.983483 0.415262 0.08
8.65647 0.994291 0.548288 0.561756 -0.233711 0.636272 0.09
8.69249 1.01653 0.558102 0.49669 0.122669 -0.813324 0.08
8.71276 1.02878 0.528465 0.450584 -0.592742 -0.922113 0.05
8.73224 1.04 0.516516 0.448451 -0.238976 -0.0426649 0.05
8.75886 1.05462 0.487922 0.41932 -0.408492 -0.416153 0.07
8.77342 1.06251 0.505132 0.408789 0.43027 -0.263272 0.04
8.80561 1.08019 0.499221 0.325712 -0.0591089 -0.830775 0.1
8.80844 1.08173 0.498668 0.320153 -0.0553147 -0.555861 0.01
8.82643 1.09209 0.545384 0.371802 0.778602 0.860807 0.06
8.84693 1.10372 0.487353 0.413906 -0.967184 0.701734 0.06
8.85819 1.10978 0.499358 0.438424 0.400159 0.817272 0.03
8.87741 1.12077 0.53962 0.447386 0.805243 0.179242 0.05
8.90907 1.13903 0.507129 0.466317 -0.406136 0.236645 0.08
8.91318 1.14133 0.513305 0.47601 0.617509 0.969232 0.01
8.92148 1.14611 0.530899 0.482309 0.879723 0.314945 0.02
8.92562 1.14853 0.528593 0.475871 -0.230554 -0.643791 0.01
8.96749 1.17031 0.430478 0.468439 -0.981156 -0.0743207 0.1
8.99173 1.18231 0.489594 0.43317 0.985265 -0.587818 0.06
9.00308 1.18836 0.488706 0.424412 -0.029578 -0.291924 0.03
9.02979 1.20256 0.488919 0.439823 0.0030421 0.220153 0.07
9.06458 1.22091 0.481827 0.43439 -0.0788085 -0.0603658 0.09
9.09079 1.2358 0.551513 0.426959 0.995521 -0.106149 0.07
9.10172 1.24264 0.567678 0.432555 0.538825 0.186517 0.03
9.11958 1.25383 0.550559 0.410494 -0.34237 -0.441221 0.05
9.14647 1.27044 0.556251 0.379666 0.07115 -0.385345 0.08
9.15619 1.27665 0.581298 0.389323 0.834872 0.321909 0.03
9.15947 1.2788 0.579979 0.394879 -0.131806 0.555536 0.01
9.18477 1.29641 0.636729 0.375795 0.709367 -0.238545 0.08
9.19073 1.30082 0.636445 0.365915 -0.0141786 -0.494011 0.02
9.19368 1.30298 0.629376 0.36545 -0.706935 -0.0465012 0.01
9.19665 1.30513 0.625968 0.367395 -0.340817 0.194476 0.01
9.21703 1.31988 0.626555 0.351418 0.00839385 -0.228233 0.07
9.22851 1.32853 0.663887 0.367495 0.933283 0.401919 0.04
9.24948 1.34526 0.683294 0.398848 0.277252 0.447896 0.07
9.27942 1.37146 0.754239 0.397031 0.709445 -0.0181688 0.1
9.29667 1.38794 0.770943 0.398361 0.278411 0.0221594 0.06
9.32846 1.41628 0.687122 0.453672 -0.838215 0.553111 0.1
9.35241 1.43502 0.640004 0.415068 -0.673118 -0.551477 0.07
9.3623 1.4426 0.667858 0.416111 0.928485 0.034743 0.03
9.38352 1.45968 0.688573 0.362078 0.295925 -0.7719 0.07
9.40405 1.47626 0.669126 0.297818 -0.243085 -0.803243 0.08
9.42636 1.49416 0.683128 0.27406 0.140014 -0.237585 0.1
9.43427 1.50071 0.700194 0.239489 0.426675 -0.864258 0.04
9.45203 1.51439 0.610806 0.209062 -0.893883 -0.30427 0.1
9.46326 1.52229 0.615974 0.183236 0.0738325 -0.368953 0.07
9.47795 1.53224 0.573716 0.171719 -0.422588 -0.115171 0.1
9.48527 1.53703 0.584364 0.178129 0.212972 0.128204 0.05
9.50095 1.54691 0.542453 0.233683 -0.465677 0.617265 0.09
9.5099 1.55258 0.588649 0.189978 0.923913 -0.874094 0.05
9.52366 1.56214 0.627552 0.145264 0.389036 -0.447139 0.1
9.53316 1.5691 0.637028 0.149042 0.118445 0.0472307 0.08
9.53783 1.57259 0.645558 0.142605 0.213247 -0.160944 0.04
9.54688 1.57962 0.676449 0.143926 0.386132 0.0165137 0.08
9.55546 1.58667 0.697678 0.133742 0.26537 -0.127302 0.08
9.5587 1.58931 0.673555 0.144989 -0.804109 0.374909 0.03
9.56593 1.59499 0.657869 0.11754 -0.224086 -0.392127 0.07
9.57855 1.60563 0.7356 0.212695 0.777314 0.95155 0.1
9.59027 1.61566 0.67418 0.130197 -0.682444 -0.916643 0.09
9.59839 1.6223 0.696565 0.169525 0.319778 0.561827 0.07
9.60372 1.6269 0.72617 0.182474 0.740136 0.323733 0.04
9.61398 1.63634 0.761172 0.215772 0.500022 0.475684 0.07
9.62398 1.64571 0.744433 0.241237 -0.278975 0.424417 0.06
9.63082 1.65188 0.724219 0.219285 -0.505346 -0.548807 0.04
9.63999 1.66022 0.752568 0.193965 0.472481 -0.422007 0.06
9.65664 1.67442 0.663056 0.243742 -0.895121 0.497778 0.1
9.66564 1.68163 0.687999 0.217548 0.498865 -0.52389 0.05
9.67741 1.69199 0.757264 0.174628 0.865812 -0.536498 0.08
9.68639 1.70019 0.722293 0.129455 -0.437139 -0.564658 0.08
9.68913 1.70255 0.698996 0.1112 -0.776569 -0.608524 0.03
9.69654 1.70894 0.721388 0.168534 0.319878 0.819067 0.07
9.70365 1.7151 0.707259 0.207575 -0.282568 0.780822 0.05
9.70988 1.72022 0.668734 0.195997 -0.963132 -0.289451 0.04
9.7129 1.72261 0.672579 0.188632 0.192253 -0.368282 0.02
9.71707 1.72591 0.664226 0.166011 -0.278433 -0.754019 0.03
9.72594 1.73244 0.604393 0.148628 -0.854759 -0.248333 0.07
9.73364 1.73794 0.639376 0.0880252 0.437295 -0.757534 0.08
9.73542 1.73925 0.629536 0.0592873 -0.328006 -0.957931 0.03
9.73751 1.74078 0.631271 0.0698807 0.0433748 0.264835 0.04
9.74613 1.74686 0.601747 0.141197 -0.295246 0.713161 0.1
9.75343 1.75167 0.562546 0.150338 -0.653336 0.15236 0.06
9.76052 1.75589 0.512609 0.179425 -0.998746 0.581741 0.05
9.77233 1.76248 0.5045 0.121201 -0.0901073 -0.646943 0.09
9.77454 1.76368 0.49301 0.130029 -0.574456 0.441412 0.02
9.77669 1.76482 0.480783 0.114082 -0.611387 -0.797356 0.02
9.7789 1.76595 0.464416 0.134058 -0.818343 0.998833 0.02
9.78775 1.77005 0.403712 0.144391 -0.8672 0.147604 0.07
9.79876 1.77456 0.375555 0.195833 -0.402237 0.734895 0.07
9.81374 1.77983 0.297803 0.156993 -0.863918 -0.43156 0.09
9.82503 1.78344 0.322954 0.106427 0.279464 -0.561845 0.09
9.82765 1.78433 0.331899 0.0779711 0.298158 -0.948521 0.03
9.83336 1.78615 0.288856 0.0934723 -0.614897 0.221446 0.07
9.83427 1.78642 0.280559 0.0949459 -0.829711 0.147359 0.01
9.83873 1.78765 0.241727 -0.00227494 -0.388323 -0.972209 0.1
9.83732 1.78729 0.245329 -0.0462729 0.0600399 -0.733299 0.06
9.8356 1.78688 0.219966 -0.0246605 -0.50726 0.432247 0.05
9.8334 1.7864 0.214649 -0.0654556 -0.106345 -0.815902 0.05
9.82783 1.78505 0.257611 -0.125454 0.716027 -0.999975 0.06
9.81914 1.78295 0.21099 -0.0731739 -0.518011 0.580891 0.09
9.81417 1.78193 0.191887 -0.0283357 -0.191023 0.448382 0.1
9.81078 1.78134 0.155324 -0.0577705 -0.457038 -0.367934 0.08
9.80858 1.781 0.147184 0.0021342 -0.101757 0.748808 0.08
9.80883 1.78104 0.135824 0.0105057 -0.284001 0.209288 0.04
9.81186 1.78133 0.0730322 0.0571476 -0.697684 0.518243 0.09
9.8124 1.78137 0.0640132 0.0507222 -0.901906 -0.642538 0.01
9.81375 1.78144 0.0244956 0.0171918 -0.98794 -0.838259 0.04
9.81312 1.78139 0.0721629 -0.0384089 0.794456 -0.926679 0.06
9.81176 1.78132 0.0261135 -0.000359702 -0.657849 0.54356 0.07
9.81141 1.78131 0.0309516 -0.0232913 0.16127 -0.764386 0.03
9.80931 1.78128 0.00162606 -0.0605285 -0.58651 -0.744744 0.05
9.80746 1.78131 -0.0430047 -0.0134357 -0.892615 0.941855 0.05
9.80732 1.78131 -0.0521701 -0.0159687 -0.916544 -0.253296 0.01
9.80643 1.78135 -0.0394519 -0.0434388 0.423941 -0.915671 0.03
9.80463 1.78146 -0.0887667 -0.0286991 -0.986296 0.294794 0.05
9.79993 1.78197 -0.11912 -0.089486 -0.379419 -0.759836 0.08
9.78915 1.78288 -0.0554818 -0.150958 0.707094 -0.683025 0.09
9.77918 1.78365 -0.0973524 -0.182182 -0.697844 -0.520392 0.06
9.76074 1.78519 -0.0698409 -0.229091 0.305683 -0.521212 0.09
9.7512 1.78572 -0.0428349 -0.24848 0.675151 -0.484734 0.04
9.72147 1.7862 0.00779384 -0.346329 0.506287 -0.978488 0.1
9.71436 1.78611 0.0178995 -0.364937 0.505284 -0.930403 0.02
9.68408 1.78557 0.0174894 -0.392097 -0.00512615 -0.339497 0.08
9.64336 1.78404 0.0575095 -0.422899 0.4002 -0.308018 0.1
9.59702 1.7811 0.0686803 -0.505879 0.111708 -0.8298 0.1
9.57715 1.78011 0.0306733 -0.488668 -0.950175 0.430264 0.04
9.53524 1.78035 -0.0432939 -0.44301 -0.821858 0.507313 0.09
9.5081 1.78146 -0.0385551 -0.462505 0.0789798 -0.324919 0.06
9.47411 1.78404 -0.114948 -0.389797 -0.954912 0.908846 0.08
9.45518 1.78648 -0.142296 -0.37367 -0.54695 0.322552 0.05
9.43302 1.79031 -0.199218 -0.376194 -0.948704 -0.0420723 0.06
9.42174 1.79242 -0.171368 -0.388772 0.928314 -0.419264 0.03
9.39858 1.79592 -0.128827 -0.392119 0.70903 -0.0557788 0.06
9.39076 1.79695 -0.131879 -0.395675 -0.152626 -0.177802 0.02
9.36618 1.79986 -0.104298 -0.429448 0.45969 -0.562897 0.06
9.32843 1.80408 -0.118299 -0.414757 -0.155564 0.163239 0.09
9.31165 1.80627 -0.141235 -0.431537 -0.5734 -0.41951 0.04
9.26457 1.8136 -0.167089 -0.521455 -0.258542 -0.899173 0.1
9.21202 1.824 -0.223027 -0.55007 -0.559386 -0.286152 0.1
9.17887 1.83238 -0.271784 -0.589582 -0.812605 -0.658533 0.06
9.13492 1.8432 -0.209996 -0.542079 0.772346 0.593789 0.08
9.08256 1.85711 -0.309371 -0.541955 -0.993752 0.00123476 0.1
9.03406 1.8703 -0.222757 -0.575359 0.962381 -0.371152 0.09
9.00111 1.8779 -0.230704 -0.551939 -0.132446 0.390335 0.06
8.99575 1.87917 -0.234302 -0.549514 -0.359808 0.242497 0.01
8.94724 1.89192 -0.279276 -0.565233 -0.499714 -0.17466 0.09
8.90194 1.90689 -0.357813 -0.627791 -0.981707 -0.781969 0.08
8.89034 1.91122 -0.356528 -0.609921 0.0642283 0.893496 0.02
8.86173 1.92219 -0.376202 -0.615752 -0.393489 -0.116621 0.05
8.834 1.93325 -0.382327 -0.57857 -0.122487 0.743639 0.05
8.79225 1.95053 -0.402795 -0.550979 -0.255856 0.34488 0.08
8.75156 1.96843 -0.42604 -0.560525 -0.290557 -0.119319 0.08
8.736 1.97564 -0.44225 -0.58227 -0.540333 -0.724839 0.03
8.68793 1.99812 -0.432427 -0.596943 0.109147 -0.163028 0.09
8.65487 2.01385 -0.455538 -0.623746 -0.385185 -0.446725 0.06
8.6265 2.02688 -0.405794 -0.624877 0.99488 -0.0226217 0.05
8.58118 2.04854 -0.485593 -0.631193 -0.997485 -0.0789519 0.08
8.57 2.05435 -0.473003 -0.629558 0.629461 0.0817907 0.02
8.51339 2.08646 -0.558188 -0.672457 -0.85185 -0.428997 0.1
8.47785 2.10832 -0.544533 -0.718258 0.227584 -0.763338 0.06
8.43127 2.13817 -0.595921 -0.665054 -0.642351 0.665043 0.08
8.39109 2.16398 -0.546689 -0.699553 0.703314 -0.492835 0.07
8.36123 2.18317 -0.595118 -0.720359 -0.968572 -0.416127 0.05
8.33746 2.19917 -0.590045 -0.712083 0.126814 0.206904 0.04
8.31981 2.2107 -0.567268 -0.693746 0.759235 0.611242 0.03
8.28461 2.2326 -0.545559 -0.687992 0.36182 0.0958896 0.06
8.25587 2.25074 -0.580748 -0.671736 -0.703782 0.325128 0.05
8.21565 2.27587 -0.536561 -0.683234 0.631251 -0.164264 0.07
8.17616 2.30122 -0.605314 -0.657854 -0.982188 0.362581 0.07
8.14411 2.32203 -0.545724 -0.616087 0.993164 0.696117 0.06
8.10657 2.34563 -0.576187 -0.650765 -0.435191 -0.4954 0.07
8.06665 2.37091 -0.553316 -0.699361 0.326737 -0.69423 0.07
8.01994 2.39967 -0.550421 -0.672076 0.0361823 0.341062 0.08
8.00254 2.41064 -0.574162 -0.69939 -0.791362 -0.910471 0.03
7.94341 2.44834 -0.561092 -0.703176 0.130705 -0.0378616 0.1
7.897 2.47878 -0.599874 -0.684399 -0.484786 0.234713 0.08
7.85746 2.50566 -0.594511 -0.681752 0.0766238 0.0378126 0.07
7.84075 2.51667 -0.570891 -0.651864 0.787317 0.996272 0.03
7.78895 2.5519 -0.622174 -0.74045 -0.569813 -0.984291 0.09
7.74666 2.58288 -0.642544 -0.757455 -0.290994 -0.242935 0.07
7.70003 2.61739 -0.63166 -0.692742 0.136056 0.80892 0.08
7.69442 2.6215 -0.630755 -0.697982 0.0904811 -0.524 0.01
7.65376 2.6493 -0.568719 -0.709585 0.88622 -0.165756 0.07
7.61944 2.67244 -0.61868 -0.670373 -0.832683 0.653523 0.06
7.56535 2.71249 -0.655843 -0.675699 -0.371625 -0.0532513 0.1
7.53399 2.73652 -0.65155 -0.641376 0.0715459 0.572036 0.06
7.50839 2.75631 -0.66498 -0.652802 -0.268597 -0.228504 0.05
7.50326 2.7603 -0.656397 -0.647944 0.858314 0.485806 0.01
7.48359 2.77603 -0.693154 -0.611561 -0.918919 0.909558 0.04
7.43894 2.81165 -0.653942 -0.657559 0.435686 -0.511088 0.09
7.42342 2.82387 -0.680213 -0.659673 -0.875719 -0.0704644 0.03
7.37008 2.86973 -0.738837 -0.747387 -0.586232 -0.87714 0.1
7.32926 2.90492 -0.684501 -0.792704 0.77622 -0.647381 0.07
7.29839 2.9311 -0.722296 -0.826345 -0.7559 -0.672828 0.05
7.26108 2.96465 -0.742414 -0.846151 -0.335291 -0.330102 0.06
7.2362 2.98788 -0.759854 -0.856114 -0.435995 -0.24907 0.04
7.21107 3.01224 -0.779351 -0.893831 -0.487449 -0.942916 0.04
7.18515 3.03784 -0.778952 -0.927675 0.00998195 -0.846098 0.04
7.14012 3.08463 -0.83019 -0.927839 -0.731971 -0.00235336 0.07
7.10265 3.12352 -0.777367 -0.872682 0.880381 0.919297 0.06
7.09017 3.13595 -0.789518 -0.888406 -0.607515 -0.786204 0.02
7.07125 3.15491 -0.783368 -0.8969 0.205003 -0.283159 0.03
7.04558 3.18082 -0.796604 -0.927089 -0.330906 -0.754721 0.04
6.99417 3.23608 -0.845946 -0.959923 -0.616783 -0.410428 0.08
6.94457 3.29348 -0.870731 -0.936714 -0.309805 0.29012 0.08
6.92616 3.31487 -0.849108 -0.944884 0.72077 -0.272322 0.03
6.91378 3.32919 -0.866476 -0.94807 -0.868437 -0.159336 0.02
6.87716 3.37121 -0.841359 -0.909704 0.418618 0.63943 0.06
6.83431 3.41817 -0.820954 -0.906844 0.291506 0.0408702 0.07
6.77831 3.47852 -0.824437 -0.922606 -0.0387045 -0.175136 0.09
6.77205 3.48524 -0.818918 -0.913708 0.551936 0.889732 0.01
6.74069 3.5178 -0.789291 -0.894898 0.592541 0.376219 0.05
6.69565 3.56428 -0.812783 -0.954319 -0.335597 -0.848876 0.07
6.66356 3.59857 -0.824146 -0.924124 -0.227265 0.603886 0.05
6.6077 3.65947 -0.833028 -0.912283 -0.0986928 0.131567 0.09
6.54779 3.72692 -0.856041 -0.892125 -0.230131 0.201582 0.1
6.50329 3.77964 -0.883795 -0.832538 -0.346921 0.744846 0.08
6.48715 3.79893 -0.864752 -0.844465 0.634756 -0.397594 0.03
6.48163 3.80537 -0.857979 -0.851573 0.677342 -0.710771 0.01
6.43731 3.85841 -0.891294 -0.876622 -0.416436 -0.313116 0.08
6.41024 3.89297 -0.921765 -0.879315 -0.609431 -0.0538568 0.05
6.36823 3.94737 -0.904242 -0.83905 0.219045 0.503319 0.08
6.3219 4.01158 -0.986061 -0.920976 -0.909099 -0.910298 0.09
6.29671 4.05093 -1.01644 -0.947883 -0.607491 -0.538126 0.05
6.28677 4.06706 -1.0213 -0.947097 -0.243438 0.0392958 0.02
6.27191 4.09164 -1.03236 -0.967574 -0.36844 -0.682564 0.03
6.26696 4.0999 -1.02887 -0.958508 0.348439 0.906563 0.01
6.24621 4.13294 -0.991609 -0.992543 0.931589 -0.850862 0.04
6.23523 4.14955 -0.982187 -0.998637 0.471094 -0.304705 0.02
6.17498 4.23332 -0.913112 -1.06552 0.690759 -0.668798 0.1
6.12171 4.30356 -0.930467 -1.13838 -0.216941 -0.910819 0.08
6.10166 4.33113 -0.953728 -1.13446 -0.77536 0.130815 0.03
6.04845 4.40465 -0.934959 -1.13429 0.234606 0.0021287 0.08
6.04173 4.41375 -0.933599 -1.1294 0.136 0.488918 0.01
6.03503 4.42284 -0.938093 -1.12873 -0.449423 0.0663977 0.01
6.02173 4.44116 -0.947482 -1.135 -0.469455 -0.31345 0.02
5.97503 4.50681 -0.957449 -1.16699 -0.142372 -0.45692 0.07
5.91686 4.59004 -0.964227 -1.08938 -0.0753211 0.862348 0.09
5.87847 4.64428 -0.945661 -1.12568 0.309432 -0.605012 0.06
5.85933 4.67158 -0.973128 -1.09724 -0.915549 0.947859 0.03
5.82909 4.71587 -0.970364 -1.04783 0.0552696 0.988273 0.05
5.79363 4.76897 -0.993418 -1.08081 -0.38423 -0.549745 0.06
5.7641 4.81535 -1.01408 -1.11854 -0.413197 -0.754636 0.05
5.74109 4.85338 -1.03938 -1.10373 -0.632628 0.370255 0.04
5.70807 4.91192 -1.0748 -1.13684 -0.590239 -0.551727 0.06
5.70265 4.92189 -1.07184 -1.1316 0.295827 0.52361 0.01
5.69181 4.94171 -1.06865 -1.12794 0.159463 0.183283 0.02
5.65346 5.00953 -1.04347 -1.09813 0.359731 0.425771 0.07
5.60249 5.09414 -1.01374 -1.09699 0.330353 0.0127102 0.09
5.5687 5.14893 -1.02298 -1.04886 -0.154029 0.802188 0.06
5.51309 5.23491 -0.969788 -0.999245 0.531906 0.496114 0.1
5.49641 5.25958 -0.983186 -0.985936 -0.446605 0.443625 0.03
5.49097 5.26774 -0.98214 -0.977478 0.104603 0.845875 0.01
5.4748 5.29198 -0.982632 -0.964931 -0.0163959 0.418219 0.03
5.44231 5.34095 -0.987441 -0.993761 -0.0801455 -0.4805 0.06
5.42077 5.37441 -1.01034 -0.996285 -0.572582 -0.0631038 0.04
5.38234 5.43271 -0.965565 -0.998891 0.639706 -0.0372217 0.07
5.33171 5.51089 -1.02598 -1.07111 -0.671327 -0.802422 0.09
5.28664 5.58681 -1.04396 -1.13632 -0.224634 -0.815189 0.08
5.22917 5.6853 -1.04131 -1.14427 0.0264113 -0.0795074 0.1
5.20584 5.72466 -1.03001 -1.14354 0.282601 0.0184581 0.04
5.19412 5.74423 -1.03235 -1.13779 -0.1172 0.287086 0.02
5.16451 5.79217 -1.0026 -1.11598 0.594991 0.43637 0.05
5.13333 5.83993 -0.982223 -1.16554 0.407634 -0.991228 0.05
5.09984 5.88866 -0.955454 -1.19977 0.535376 -0.684667 0.05
5.08596 5.90818 -0.949912 -1.19536 0.277091 0.220674 0.02
5.01306 6.00149 -0.864863 -1.17355 0.850489 0.218091 0.1
4.99797 6.01927 -0.869185 -1.1587 -0.216078 0.742175 0.02
4.92324 6.10408 -0.827602 -1.10221 0.415825 0.564924 0.1
4.89313 6.13594 -0.799551 -1.08955 0.701271 0.316495 0.04
4.82902 6.20518 -0.848728 -1.00769 -0.546411 0.909627 0.09
4.77899 6.2644 -0.890449 -0.930389 -0.521506 0.966211 0.08
4.75556 6.29356 -0.897564 -0.940059 -0.177883 -0.24174 0.04
4.74395 6.30816 -0.899552 -0.92549 -0.0994024 0.72846 0.02
4.73815 6.31542 -0.895131 -0.932524 0.442159 -0.703446 0.01
4.68609 6.37698 -0.841745 -0.859278 0.59317 0.813848 0.09
4.63518 6.43675 -0.888667 -0.885712 -0.521354 -0.293712 0.09
4.60735 6.47092 -0.885623 -0.87708 0.0608818 0.172641 0.05
4.56279 6.523 -0.840322 -0.83665 0.566262 0.505367 0.08
4.52322 6.5685 -0.869275 -0.8863 -0.413605 -0.709278 0.07
4.48041 6.61629 -0.811984 -0.94694 0.818431 -0.866294 0.07
4.41603 6.68684 -0.850192 -0.963374 -0.382072 -0.164332 0.1
4.40974 6.69407 -0.859237 -0.953902 -0.90451 0.947134 0.01
4.37788 6.73034 -0.840815 -0.977132 0.368429 -0.464593 0.05
4.33892 6.77362 -0.834877 -0.96373 0.0989617 0.22337 0.06
4.31283 6.80223 -0.82811 -0.972416 0.169178 -0.217168 0.04
4.28071 6.8374 -0.833327 -0.932986 -0.104325 0.788608 0.05
4.27445 6.84427 -0.829742 -0.925298 0.35842 0.768837 0.01
4.24332 6.87905 -0.851867 -0.941752 -0.442489 -0.329095 0.05
4.22483 6.90016 -0.85094 -0.928958 0.030884 0.426482 0.03
4.17722 6.95528 -0.865695 -0.891962 -0.184436 0.462449 0.08
4.1357 7.00442 -0.872948 -0.946262 -0.103616 -0.775707 0.07
4.07873 7.07397 -0.896409 -0.85188 -0.23461 0.943813 0.1
4.04076 7.12237 -0.914475 -0.905712 -0.258076 -0.769024 0.07
4.0133 7.15775 -0.907076 -0.885477 0.147982 0.404694 0.05
3.98017 7.19869 -0.873808 -0.87007 0.554461 0.256789 0.06
3.9537 7.23191 -0.922685 -0.829515 -0.977547 0.811097 0.05
3.93358 7.25779 -0.896943 -0.809507 0.643547 0.500194 0.04
3.8928 7.30616 -0.843317 -0.772376 0.670331 0.464143 0.08
3.84038 7.36294 -0.807263 -0.7732 0.360541 -0.00824206 0.1
3.78891 7.42045 -0.874472 -0.770636 -0.672089 0.0256406 0.1
3.77441 7.43799 -0.885079 -0.746324 -0.353576 0.810385 0.03
3.7404 7.47869 -0.86455 -0.769162 0.293272 -0.326253 0.07
3.70163 7.52252 -0.827899 -0.693874 0.458138 0.941099 0.08
3.65249 7.57659 -0.838104 -0.767429 -0.102046 -0.735545 0.1
3.60733 7.62691 -0.84079 -0.735181 -0.0298489 0.358307 0.09
3.5735 7.66607 -0.875714 -0.743415 -0.49891 -0.117628 0.07
3.56402 7.67761 -0.890633 -0.749121 -0.745956 -0.28529 0.02
3.55928 7.68342 -0.882081 -0.752148 0.855202 -0.302715 0.01
3.52185 7.72718 -0.843836 -0.687607 0.478055 0.806761 0.08
3.49031 7.76376 -0.874428 -0.692259 -0.437025 -0.0664552 0.07
3.45593 7.80559 -0.891431 -0.661452 -0.212538 0.385093 0.08
3.45179 7.8107 -0.888856 -0.654229 0.257494 0.722255 0.01
3.43943 7.82589 -0.886783 -0.651116 0.0691191 0.103757 0.03
3.40204 7.87044 -0.85827 -0.641272 0.316807 0.109378 0.09
3.37792 7.89875 -0.872315 -0.598546 -0.234079 0.7121 0.06
3.35663 7.92556 -0.927674 -0.542761 -0.922652 0.92975 0.06
3.34067 7.94757 -0.959122 -0.545198 -0.628956 -0.0487416 0.05
3.31337 7.98499 -0.921218 -0.483926 0.421147 0.680809 0.09
3.29543 8.0075 -0.874278 -0.475951 0.782338 0.132916 0.06
3.28934 8.01473 -0.867596 -0.46851 0.334094 0.372021 0.02
3.26428 8.0456 -0.911222 -0.415184 -0.484735 0.592511 0.09
3.25681 8.05519 -0.90627 -0.395456 0.165068 0.657625 0.03
3.25201 8.06123 -0.890896 -0.375972 0.768714 0.974171 0.02
3.2342 8.08399 -0.923478 -0.346725 -0.407269 0.365591 0.08
3.21885 8.10319 -0.866856 -0.267771 0.707774 0.986923 0.08
3.20749 8.11721 -0.913259 -0.247908 -0.662911 0.283764 0.07
3.19667 8.13032 -0.847584 -0.237701 0.938225 0.145809 0.07
3.18562 8.14229 -0.800978 -0.169619 0.582577 0.851028 0.08
3.17994 8.14806 -0.786171 -0.154415 0.296124 0.304075 0.05
3.17534 8.15256 -0.762624 -0.16722 0.588681 -0.320124 0.04
3.17089 8.15667 -0.72671 -0.135883 0.897851 0.783428 0.04
3.16473 8.16185 -0.664219 -0.0652518 0.781137 0.882887 0.08
3.1634 8.16289 -0.612409 0.0314241 0.518096 0.966759 0.1
3.16558 8.16126 -0.667719 0.059528 -0.921827 0.468398 0.06
3.17028 8.15746 -0.688989 0.113247 -0.303859 0.767408 0.07
3.17511 8.15364 -0.648946 0.132788 0.800872 0.390838 0.05
3.1812 8.1492 -0.610909 0.118482 0.633942 -0.238448 0.06
3.18217 8.14852 -0.609845 0.11945 0.106416 0.0968718 0.01
3.18535 8.14627 -0.620944 0.140033 -0.369977 0.686093 0.03
3.19267 8.14108 -0.613085 0.159245 0.130985 0.320194 0.06
3.19805 8.13725 -0.623329 0.17058 -0.256103 0.283375 0.04
3.20786 8.13048 -0.587711 0.226774 0.593636 0.936576 0.06
3.2201 8.12282 -0.531209 0.254641 0.94171 0.464447 0.06
3.24023 8.11059 -0.559189 0.334235 -0.349754 0.99493 0.08
3.2687 8.09258 -0.568678 0.414439 -0.105436 0.891145 0.09
3.30247 8.07053 -0.587767 0.48189 -0.212097 0.749466 0.09
3.33952 8.04462 -0.633915 0.422239 -0.461477 -0.596512 0.1
3.37411 8.02125 -0.554218 0.412885 0.796967 -0.0935438 0.1
3.40729 7.9991 -0.621351 0.473807 -0.74592 0.67691 0.09
3.44885 7.96859 -0.644564 0.557365 -0.232131 0.835587 0.1
3.4713 7.95232 -0.609581 0.551876 0.699653 -0.109784 0.05
3.4951 7.93624 -0.578956 0.59706 0.612507 0.903676 0.05
3.50509 7.92977 -0.570957 0.593429 0.399908 -0.181569 0.02
3.52043 7.92006 -0.557792 0.616354 0.438861 0.764191 0.03
3.57411 7.88609 -0.570549 0.654183 -0.127575 0.378281 0.1
3.63121 7.84522 -0.669534 0.750772 -0.989846 0.965895 0.1
3.63711 7.84051 -0.679147 0.760121 -0.961358 0.934889 0.01
3.67414 7.81125 -0.658302 0.812875 0.347423 0.879233 0.06
3.68712 7.80118 -0.662239 0.830519 -0.196825 0.882206 0.02
3.74708 7.75253 -0.700336 0.885417 -0.423305 0.609979 0.09
3.79391 7.71097 -0.751298 0.903617 -0.728035 0.259994 0.07
3.80053 7.70479 -0.752397 0.908709 -0.109899 0.509189 0.01
3.84068 7.66601 -0.783224 0.951846 -0.51378 0.718951 0.06
3.85429 7.65267 -0.767488 0.95467 0.786787 0.141243 0.02
3.90548 7.60641 -0.702956 1.01702 0.92189 0.890724 0.07
3.95304 7.56543 -0.719429 1.0756 -0.274552 0.976289 0.06
3.96921 7.55103 -0.735442 1.08921 -0.800612 0.680358 0.02
4.01989 7.5074 -0.686398 1.14033 0.817391 0.852103 0.06
4.04629 7.48535 -0.705364 1.15302 -0.632196 0.422889 0.03
4.07321 7.463 -0.680559 1.17922 0.826836 0.873301 0.03
4.09164 7.44835 -0.662547 1.17501 0.900587 -0.210395 0.02
4.17777 7.38468 -0.610916 1.20553 0.573675 0.339124 0.09
4.20794 7.36419 -0.582085 1.22536 0.96105 0.66085 0.03
4.23881 7.34453 -0.55225 1.21482 0.994486 -0.351187 0.03
4.27024 7.32576 -0.524291 1.22572 0.931979 0.363291 0.03
4.36481 7.27533 -0.454868 1.15648 0.77137 -0.769375 0.09
4.46309 7.2322 -0.373001 1.22921 0.909632 0.808202 0.09
4.53382 7.20694 -0.313422 1.27468 0.992981 0.757725 0.06
4.62018 7.17695 -0.354815 1.33764 -0.591325 0.899511 0.07
4.73658 7.13624 -0.318313 1.40281 0.405572 0.724089 0.09
4.84701 7.10372 -0.25501 1.47548 0.791291 0.908326 0.08
4.96173 7.07719 -0.199439 1.46864 0.694634 -0.0855246 0.08
5.11124 7.05192 -0.136108 1.5646 0.633316 0.959638 0.1
5.18905 7.04155 -0.128897 1.57533 0.14422 0.214529 0.05
5.26727 7.03205 -0.112896 1.57639 0.320023 0.0213338 0.05
5.34559 7.02471 -0.0738527 1.57014 0.780857 -0.1251 0.05
5.36129 7.0236 -0.0673328 1.57828 0.651986 0.814673 0.01
5.46966 7.01964 -0.00546601 1.52057 0.883811 -0.824436 0.07
5.54671 7.021 0.0406705 1.56233 0.92273 0.835233 0.05
5.60849 7.02449 0.0724137 1.53154 0.793579 -0.769799 0.04
5.68459 7.03174 0.117599 1.52674 0.903698 -0.0961208 0.05
5.80416 7.05068 0.196702 1.50042 0.988796 -0.328952 0.08
5.81891 7.05368 0.205306 1.50951 0.860384 0.908781 0.01
5.8484 7.06011 0.223981 1.50909 0.933727 -0.0209741 0.02
5.96319 7.08987 0.283683 1.45593 0.74628 -0.664482 0.08
6.00521 7.10161 0.261113 1.45314 -0.752338 -0.0931189 0.03
6.09044 7.12495 0.27343 1.49247 0.205283 0.655571 0.06
6.18961 7.1537 0.291088 1.45752 0.252256 -0.49931 0.07
6.30225 7.18919 0.319249 1.49519 0.35202 0.470862 0.08
6.37261 7.21113 0.28501 1.45306 -0.684789 -0.842571 0.05
6.40043 7.21944 0.295773 1.45055 0.538148 -0.12566 0.02
6.50881 7.25587 0.352974 1.40818 0.715017 -0.52954 0.08
6.54843 7.27089 0.371932 1.41651 0.631935 0.277512 0.03
6.60096 7.29164 0.380323 1.40745 0.209776 -0.226429 0.04
6.61399 7.2969 0.386847 1.4037 0.652325 -0.375443 0.01
6.67917 7.32439 0.411427 1.42592 0.491612 0.444469 0.05
6.79657 7.38093 0.485819 1.47038 0.826577 0.493947 0.09
6.88655 7.42666 0.454439 1.41364 -0.448283 -0.810503 0.07
6.9373 7.45231 0.481448 1.42989 0.675227 0.406136 0.04
7.02513 7.49839 0.484882 1.40375 0.0490507 -0.373385 0.07
7.03751 7.50492 0.48626 1.39603 0.137801 -0.77237 0.01
7.15929 7.57694 0.581377 1.43455 0.951174 0.385236 0.1
7.25663 7.6355 0.501597 1.4063 -0.997257 -0.353158 0.08
7.3578 7.68823 0.459479 1.44612 -0.526471 0.497854 0.08
7.44565 7.73516 0.522126 1.39995 0.894947 -0.659638 0.07
7.5292 7.78493 0.552556 1.37876 0.434716 -0.302685 0.07
7.60928 7.8374 0.6076 1.35703 0.786341 -0.310483 0.07
7.71967 7.91321 0.59587 1.32124 -0.117298 -0.357885 0.1
7.78397 7.95649 0.58903 1.26256 -0.114002 -0.977919 0.06
7.84689 7.99633 0.539749 1.21987 -0.82134 -0.711496 0.06
7.88897 8.0211 0.524027 1.22196 -0.393067 0.05202 0.04
7.94152 8.05152 0.525498 1.20681 0.0294261 -0.302992 0.05
8.02279 8.101 0.568436 1.17203 0.536731 -0.43464 0.08
8.11149 8.15657 0.550867 1.15388 -0.195216 -0.201726 0.09
8.18625 8.20544 0.607877 1.07932 0.712629 -0.932024 0.08
8.20398 8.21752 0.587951 1.06605 -0.996316 -0.663476 0.02
8.24747 8.24632 0.58167 1.02037 -0.12562 -0.91364 0.05
8.33335 8.29927 0.523209 0.997873 -0.584605 -0.224926 0.1
8.34196 8.30424 0.523182 0.988686 -0.00275698 -0.918796 0.01
8.39255 8.33271 0.50187 0.946613 -0.355193 -0.701209 0.06
8.40919 8.34167 0.486221 0.942753 -0.782451 -0.192993 0.02
8.48977 8.3831 0.463257 0.869451 -0.229646 -0.733026 0.1
8.52809 8.40131 0.42335 0.827865 -0.79814 -0.831702 0.05
8.54308 8.4079 0.405255 0.809449 -0.904731 -0.920798 0.02
8.61587 8.43597 0.330026 0.751143 -0.752287 -0.583069 0.1
8.63688 8.44284 0.301737 0.723183 -0.942963 -0.931998 0.03
8.66372 8.45134 0.311477 0.684171 0.243497 -0.975301 0.04
8.70133 8.46274 0.276533 0.625991 -0.582414 -0.969652 0.06
8.71322 8.46602 0.262247 0.607304 -0.714275 -0.934395 0.02
8.73614 8.47175 0.227632 0.573984 -0.865382 -0.83299 0.04
8.7417 8.47302 0.220925 0.567694 -0.670711 -0.629038 0.01
8.7688 8.47848 0.176435 0.538163 -0.8898 -0.59062 0.05
8.78436 8.48111 0.158321 0.513908 -0.603785 -0.80849 0.03
8.83051 8.48838 0.153815 0.420382 -0.0450587 -0.935259 0.1
8.85434 8.49153 0.108957 0.381052 -0.747636 -0.655504 0.06
8.86174 8.49233 0.105331 0.362763 -0.18131 -0.914461 0.02
8.8653 8.49271 0.106092 0.35291 0.0761058 -0.985294 0.01
8.87865 8.49401 0.0885892 0.31815 -0.437569 -0.868987 0.04
8.88779 8.49475 0.0730198 0.292611 -0.518981 -0.851291 0.03
8.90125 8.49545 0.0283804 0.24662 -0.892787 -0.919837 0.05
8.90367 8.49551 0.024456 0.23731 -0.392443 -0.930936 0.01
8.91971 8.49553 -0.0252047 0.163785 -0.620759 -0.919068 0.08
8.93172 8.49568 0.0616259 0.076609 0.868306 -0.871758 0.1
8.93315 8.49577 0.0591742 0.0663491 -0.122586 -0.512997 0.02
8.93709 8.49603 0.0764316 0.0324409 0.215717 -0.423852 0.08
8.93779 8.49609 0.0974103 0.0139484 0.699292 -0.616418 0.03
8.9384 8.49616 0.125224 0.00367016 0.397338 -0.146832 0.07
8.9387 8.49621 0.179821 0.00302744 0.606636 -0.00714124 0.09
8.93857 8.49618 0.188299 -0.0163212 0.423895 -0.967434 0.02
8.93362 8.49526 0.181867 -0.0843236 -0.0643207 -0.680023 0.1
8.92677 8.49425 0.111073 -0.0887285 -0.884928 -0.0550612 0.08
8.91548 8.49299 0.111644 -0.138502 0.00571707 -0.497732 0.1
8.91412 8.49284 0.111471 -0.135356 -0.0173497 0.314596 0.01
8.90695 8.49196 0.13547 -0.0710118 0.342842 0.919198 0.07
8.89961 8.49101 0.122908 -0.140381 -0.179453 -0.990982 0.07
8.89414 8.49025 0.151564 -0.136025 0.716386 0.10889 0.04
8.88481 8.48889 0.136613 -0.0524335 -0.149511 0.835914 0.1
8.87596 8.48774 0.122213 -0.12621 -0.144001 -0.737764 0.1
8.87206 8.48731 0.0992509 -0.135084 -0.765387 -0.29579 0.03
8.86236 8.48634 0.101246 -0.143366 0.0284954 -0.118327 0.07
8.85507 8.48557 0.107466 -0.101206 0.103668 0.702666 0.06
8.85035 8.48495 0.161094 -0.0574148 0.893804 0.729862 0.06
8.8481 8.48458 0.167445 0.0117743 0.0635117 0.691891 0.1
8.84762 8.4845 0.164898 -0.0279076 -0.0424504 -0.661364 0.06
8.84285 8.4837 0.166135 -0.0930805 0.0154576 -0.814662 0.08
8.84196 8.48355 0.16518 -0.0872451 -0.0954347 0.58354 0.01
8.83437 8.48225 0.174748 -0.132648 0.136681 -0.648617 0.07
8.82564 8.4807 0.176379 -0.0891105 0.0203829 0.544222 0.08
8.82008 8.47981 0.141641 -0.136207 -0.694762 -0.941929 0.05
8.81727 8.47942 0.134826 -0.146862 -0.340709 -0.532729 0.02
8.81108 8.47866 0.110262 -0.102925 -0.491293 0.87874 0.05
8.80787 8.4783 0.113452 -0.112106 0.106356 -0.306033 0.03
8.80174 8.47766 0.0932943 -0.0933381 -0.335967 0.31279 0.06
8.79604 8.4771 0.101881 -0.097617 0.143112 -0.0713141 0.06
8.79326 8.47681 0.108517 -0.0888191 0.221189 0.293261 0.03
8.7889 8.47632 0.116115 0.00103771 0.0759828 0.898569 0.1
8.78886 8.47632 0.113728 -0.00806089 -0.2387 -0.90986 0.01
8.78916 8.47634 0.0886399 0.0229294 -0.627201 0.774757 0.04
8.78837 8.47628 0.0858148 -0.0453702 -0.040359 -0.975707 0.07
8.78498 8.47605 0.0501845 -0.0907974 -0.712606 -0.908545 0.05
8.78307 8.47596 0.0441681 -0.10048 -0.300822 -0.484151 0.02
8.77393 8.47575 0.00252132 -0.102599 -0.462742 -0.0235442 0.09
8.77056 8.47577 -0.0165272 -0.121902 -0.63495 -0.643409 0.03
8.76208 8.47563 0.0507882 -0.120691 0.961649 0.0172941 0.07
8.7582 8.47545 0.0425536 -0.137864 -0.274487 -0.572415 0.03
8.74914 8.47493 0.0731034 -0.121447 0.436426 0.234519 0.07
8.74104 8.47437 0.0630066 -0.0590539 -0.112187 0.693259 0.09
8.73989 8.47429 0.0690685 -0.0555546 0.303094 0.174964 0.02
8.73877 8.47421 0.0744831 -0.0568352 0.27073 -0.0640272 0.02
8.73194 8.47376 0.0608407 -0.114409 -0.17053 -0.719673 0.08
8.72974 8.47364 0.0478762 -0.105601 -0.648223 0.440379 0.02
8.72748 8.47353 0.0441043 -0.12133 -0.188595 -0.786439 0.02
8.71947 8.47317 0.0464183 -0.145749 0.0385662 -0.406986 0.06
8.70923 8.47266 0.0534573 -0.147269 0.100558 -0.0217085 0.07
8.70306 8.47229 0.0638798 -0.161445 0.26056 -0.354403 0.04
8.69084 8.47145 0.0749082 -0.0835748 0.110285 0.778702 0.1
8.68658 8.4712 0.0417922 -0.0587883 -0.551934 0.413109 0.06
8.68249 8.47098 0.0662868 -0.0322072 0.272162 0.295346 0.09
8.6812 8.4709 0.059953 -0.0326314 -0.158344 -0.010605 0.04
8.68042 8.47086 0.0499662 -0.045025 -0.499339 -0.619679 0.02
8.6763 8.47071 0.0207489 -0.0373767 -0.292173 0.0764823 0.1
8.67554 8.4707 0.0126409 -0.0386996 -0.405404 -0.0661444 0.02
8.67405 8.47065 0.0490166 -0.0212302 0.727514 0.349389 0.05
8.67372 8.47064 0.0299922 -0.01124 -0.951219 0.499509 0.02
8.6724 8.47065 -0.0403869 -0.018224 -0.781989 -0.0775997 0.09
8.67132 8.47069 -0.0250766 -0.0356272 0.382757 -0.435082 0.04
8.67096 8.47069 -0.0175084 -0.0368643 0.756819 -0.123708 0.01
8.6684 8.47076 -0.0341058 -0.0200356 -0.184416 0.186985 0.09
8.66856 8.47078 0.0199579 0.0233164 0.540637 0.43352 0.1
8.66887 8.47078 0.020778 0.00781317 0.0410043 -0.775161 0.02
8.66798 8.47077 0.0126004 -0.025655 -0.0817761 -0.334682 0.1
8.66736 8.47076 0.0331883 -0.0158607 0.686263 0.326478 0.03
8.66495 8.47075 -0.0172036 -0.0528934 -0.719884 -0.529039 0.07
8.66241 8.47081 -0.0299132 -0.0488384 -0.254191 0.0811002 0.05
8.66061 8.47083 0.00850673 -0.0409018 0.960498 0.198416 0.04
8.66018 8.47082 0.00809613 -0.0463425 -0.04106 -0.544074 0.01
8.65941 8.47082 -0.0113919 -0.0300993 -0.974401 0.812161 0.02
8.6568 8.47084 0.00173171 -0.0569787 0.218727 -0.447991 0.06
8.65219 8.47076 0.0296221 -0.0749296 0.398434 -0.256442 0.07
8.64993 8.47071 0.0104134 -0.0378317 -0.480217 0.927448 0.04
8.64914 8.47071 -0.0188513 -0.0151039 -0.975491 0.757594 0.03
8.64856 8.47072 0.0056406 -0.023491 0.816397 -0.279571 0.03
8.64725 8.47072 -0.00608716 -0.028677 -0.234555 -0.103719 0.05
8.64657 8.47072 0.00564772 -0.0399366 0.586744 -0.562983 0.02
8.64321 8.4707 0.00274181 -0.0559251 -0.041513 -0.228406 0.07
8.63831 8.47065 0.0178489 -0.084242 0.215815 -0.404528 0.07
8.63423 8.47048 0.0872962 -0.00648609 0.771637 0.863954 0.09
8.63414 8.47047 0.0208162 0.00399792 -0.949714 0.149772 0.07
8.63386 8.47047 0.00700517 -0.0229829 -0.460366 -0.899362 0.03
8.6328 8.47047 -0.0153056 -0.0191924 -0.446214 0.0758102 0.05
8.63162 8.47046 0.0331837 -0.0282835 0.969785 -0.181822 0.05
8.63138 8.47045 0.0415845 -0.0184161 0.840075 0.986746 0.01
8.63121 8.47044 0.0384573 -0.0169091 -0.312715 0.150698 0.01
8.63185 8.47044 0.00261991 0.0297743 -0.358374 0.466834 0.1
8.6321 8.47044 -0.00231254 0.0202856 -0.493244 -0.948871 0.01
8.63159 8.47044 -0.0010006 -0.0305052 0.0131193 -0.507908 0.1
8.63072 8.47045 -0.0161337 -0.0129813 -0.378328 0.438098 0.04
8.63035 8.47045 0.00754722 -0.0118867 0.789365 0.0364879 0.03
8.63005 8.47045 -0.00786705 -0.00752244 -0.513809 0.145475 0.03
8.62913 8.47045 0.00569865 -0.0296733 0.271314 -0.443018 0.05
8.62849 8.47045 0.00277985 -0.0340688 -0.14594 -0.219775 0.02
8.62692 8.47045 -0.0120367 -0.00520798 -0.185207 0.36076 0.08
8.62511 8.47043 0.0263591 -0.040045 0.479948 -0.435463 0.08
8.62472 8.47042 0.0340089 -0.0370844 0.76498 0.296062 0.01
8.62369 8.4704 -0.00770006 0.00273099 -0.69515 0.663589 0.06
8.62254 8.4704 -0.00212516 -0.0355151 0.0796414 -0.546373 0.07
8.61975 8.47034 0.0399353 -0.0444457 0.600864 -0.12758 0.07
8.61666 8.47018 0.0743005 -0.0173484 0.343652 0.270973 0.1
8.61227 8.46991 0.0519282 -0.0925252 -0.279654 -0.93971 0.08
8.61025 8.46983 0.0320108 -0.110466 -0.995868 -0.897038 0.02
8.60677 8.4697 0.0377645 -0.121408 0.191791 -0.364749 0.03
8.59398 8.46884 0.0962512 -0.135084 0.584867 -0.136758 0.1
8.58829 8.46842 0.0493537 -0.0930755 -0.937951 0.840174 0.05
8.58659 8.46833 0.0494185 -0.0774665 0.00324097 0.780451 0.02
8.58282 8.4682 0.0211989 -0.110994 -0.705489 -0.838182 0.04
8.57794 8.46808 0.0318796 -0.0516766 0.17801 0.98862 0.06
8.57621 8.46802 0.0344417 -0.0639393 0.0854046 -0.408757 0.03
8.57501 8.46797 0.0451819 -0.0558562 0.537011 0.404153 0.02
8.57446 8.46794 0.047681 -0.0536903 0.249904 0.21659 0.01
8.57148 8.46782 0.0360988 -0.0458219 -0.193036 0.13114 0.06
8.56969 8.46777 0.0140963 -0.0136996 -0.366708 0.535372 0.06
8.56886 8.46777 -0.0183981 -0.0282576 -0.812359 -0.363949 0.04
8.56679 8.46783 -0.0360254 -0.0235218 -0.220342 0.0591968 0.08
8.56642 8.46784 -0.0269855 -0.0133426 0.451994 0.508962 0.02
8.56632 8.46784 -0.0282155 -0.00546113 -0.122998 0.788147 0.01
8.5653 8.46786 -0.00714151 -0.0202322 0.263425 -0.184639 0.08
8.56438 8.46785 0.025737 -0.0254139 0.821963 -0.129541 0.04
8.56432 8.46784 -0.0076769 0.023643 -0.477341 0.700812 0.07
8.56474 8.46784 -0.00170164 0.0046254 0.199175 -0.63392 0.03
8.56452 8.46784 -0.00366141 -0.0160859 -0.0489942 -0.517783 0.04
8.56205 8.46781 0.0235204 -0.0332869 0.271819 -0.17201 0.1
8.56146 8.4678 0.0278529 -0.0253517 0.216624 0.396756 0.02
8.56082 8.46778 0.0103178 -0.0390819 -0.876758 -0.686506 0.02
8.5574 8.46781 -0.025491 -0.0463934 -0.447609 -0.0913943 0.08
8.55659 8.46782 -0.00557484 -0.0344607 0.995806 0.596636 0.02
8.55576 8.46783 0.00113603 -0.00699956 0.167772 0.686528 0.04
8.55571 8.46783 0.00842526 0.00558883 0.104132 0.179834 0.07
8.55573 8.46783 0.00241443 -0.00146919 -0.601083 -0.705802 0.01
8.55551 8.46783 0.00489688 -0.0132375 0.0827483 -0.392277 0.03
8.5554 8.46783 0.0134066 -0.00822313 0.850973 0.501437 0.01
8.55488 8.46782 -0.00494864 -0.0266422 -0.611842 -0.61397 0.03
8.55318 8.4678 0.028493 -0.0415178 0.668833 -0.297511 0.05
8.55231 8.46777 0.0371363 -0.0164876 0.288109 0.83434 0.03
8.55008 8.46775 -0.0060512 -0.0578137 -0.719791 -0.688768 0.06
8.54327 8.46791 -0.040777 -0.0783447 -0.347258 -0.20531 0.1
8.53751 8.46793 0.0423837 -0.0496817 0.924007 0.318477 0.09
8.53628 8.46787 0.0567132 -0.011925 0.358239 0.943918 0.04
8.5364 8.46787 0.0133713 0.0164513 -0.866838 0.567526 0.05
8.53673 8.46787 -0.00453558 0.00558485 -0.596897 -0.362215 0.03
8.53648 8.46787 -0.00426814 -0.0153982 0.00534884 -0.41966 0.05
8.53585 8.46788 -0.0156728 -0.0160467 -0.285116 -0.0162133 0.04
8.53552 8.46788 -0.00428963 -0.0168665 0.569158 -0.0409913 0.02
8.53487 8.46788 0.0145482 -0.00918821 0.376756 0.153566 0.05
8.5348 8.46788 0.0177434 -0.00466275 0.319518 0.452545 0.01
8.53407 8.46788 -0.0225269 -0.0100405 -0.402702 -0.0537774 0.1
8.53375 8.46789 -0.0175992 -0.0214986 0.246385 -0.572904 0.02
8.53354 8.46789 -0.0178095 -0.0214277 -0.021032 0.00708758 0.01
8.53181 8.46791 -0.0037642 -0.047798 0.280906 -0.527405 0.05
8.52659 8.46804 -0.0456327 -0.0565318 -0.418685 -0.0873384 0.1
8.52299 8.46821 -0.0501794 -0.0636915 -0.0757776 -0.119328 0.06
8.51716 8.46836 -0.0042248 -0.0821381 0.574432 -0.230582 0.08
8.51632 8.46836 0.00308206 -0.086599 0.730686 -0.446098 0.01
8.50876 8.46815 0.0553318 -0.0814897 0.580552 0.0567707 0.09
8.50364 8.46788 0.049856 -0.0465184 -0.0684472 0.437142 0.08
8.5022 8.46782 0.0281205 -0.011234 -0.434709 0.705687 0.05
8.50157 8.4678 0.0160333 -0.0200149 -0.30218 -0.219523 0.04
8.50149 8.4678 0.018063 0.0159114 0.0507415 0.898159 0.04
8.50162 8.4678 0.00995716 0.0102067 -0.810584 -0.570476 0.01
8.5016 8.4678 0.0052223 -0.0113424 -0.118372 -0.538726 0.04
8.50096 8.4678 0.018927 -0.0101525 0.228412 0.0198315 0.06
8.49999 8.4678 -0.0242523 -0.017335 -0.616847 -0.102608 0.07
8.49979 8.4678 -0.0274259 0.0093473 -0.063472 0.533647 0.05
8.49978 8.4678 0.0114129 -0.00993835 0.970969 -0.482141 0.04
8.49942 8.4678 0.0145195 -0.0145208 0.103552 -0.152749 0.03
8.49929 8.4678 0.0206331 0.00210967 0.305683 0.831525 0.02
8.49935 8.4678 -0.00985173 0.000982959 -0.762121 -0.0281679 0.04
8.49938 8.4678 -0.00492598 0.00521559 0.492574 0.423263 0.01
8.49879 8.46779 0.00417237 -0.0199661 0.113729 -0.314771 0.08
8.49802 8.4678 -0.00650119 -0.018924 -0.266839 0.0260517 0.04
8.49781 8.4678 -0.00123651 -0.0214193 0.526468 -0.249526 0.01
8.49712 8.46779 0.0155101 -0.0249784 0.558219 -0.118638 0.03
8.49625 8.46778 0.0184939 -0.0331076 0.0994608 -0.270972 0.03
8.49523 8.46778 -0.0296545 -0.00741188 -0.962968 0.513914 0.05
8.49502 8.46778 -0.0201209 -0.0140013 0.47668 -0.32947 0.02
8.49326 8.46783 -0.0289683 -0.0252177 -0.0983045 -0.124627 0.09
8.48969 8.46795 -0.0405106 -0.0540652 -0.128248 -0.320528 0.09
8.48875 8.46799 -0.0425984 -0.0404386 -0.104388 0.68133 0.02
8.48561 8.46804 0.00673263 -0.0642144 0.822184 -0.396263 0.06
8.48229 8.46806 -0.0203332 -0.0462509 -0.451097 0.299393 0.06
8.48121 8.46808 -0.00568377 -0.00785126 0.366235 0.95999 0.04
8.48108 8.46808 0.0139204 -0.000782623 0.653472 0.235621 0.03
8.47989 8.46808 -0.00474333 -0.0334104 -0.266624 -0.466111 0.07
8.47918 8.46807 0.0158963 -0.0133875 0.687989 0.66743 0.03
8.47883 8.46807 0.00131623 -0.00413401 -0.364503 0.231337 0.04
8.4785 8.46807 -0.00309577 -0.00905867 -0.0882401 -0.0984932 0.05
8.4758 8.46807 0.00415104 -0.0510483 0.0805202 -0.466552 0.09
8.4739 8.46803 0.0295768 -0.043979 0.635643 0.176734 0.04
8.47285 8.468 0.0300134 0.00889824 0.00727711 0.881287 0.06
8.47299 8.46801 0.0110233 -0.00178767 -0.474752 -0.267148 0.04
8.47284 8.46801 0.0012894 -0.0128154 -0.486696 -0.551385 0.02
8.47175 8.46799 0.0242117 -0.0237748 0.382038 -0.182656 0.06
8.47081 8.46798 0.000186377 -0.0227851 -0.600632 0.0247423 0.04
8.47014 8.46799 -0.0160964 -0.0222288 -0.54276 0.0185411 0.03
8.46886 8.46798 0.0353812 -0.0142672 0.735395 0.113737 0.07
8.46888 8.46797 0.02932 0.0145853 -0.0673469 0.320584 0.09
8.46911 8.46798 0.01364 0.0086035 -0.784 -0.299091 0.02
8.46928 8.46798 0.000649303 0.00258953 -0.433024 -0.200466 0.03
8.46821 8.46797 0.0119927 -0.0293094 0.141793 -0.398736 0.08
8.4679 8.46797 0.00629428 -0.0325761 -0.569843 -0.326674 0.01
8.46726 8.46797 -0.0306168 0.000711268 -0.922777 0.832184 0.04
8.46527 8.46801 -0.0105627 -0.0503558 0.250676 -0.638338 0.08
8.4643 8.46802 -0.00917813 -0.0466586 0.0692282 0.184858 0.02
8.46382 8.46802 -0.000332546 -0.0497114 0.884558 -0.305275 0.01
8.46228 8.468 0.0263263 -0.0533812 0.888628 -0.122328 0.03
8.45885 8.46797 -0.0198387 -0.0152255 -0.461649 0.381557 0.1
8.45873 8.46797 -0.0220797 -0.00870609 -0.224101 0.651942 0.01
8.45815 8.46799 -0.0219201 -0.00780732 0.00227986 0.0128396 0.07
8.45739 8.468 -0.0211003 -0.0225532 0.0163963 -0.294917 0.05
8.45675 8.46802 -0.031387 -0.00307134 -0.205735 0.389636 0.05
8.45623 8.46802 0.00595842 -0.0177716 0.746909 -0.294005 0.05
8.45552 8.46802 0.0160894 -0.0177948 0.253275 -0.000579991 0.04
8.45537 8.46801 0.0157334 -0.0117189 -0.0356031 0.607593 0.01
8.45512 8.46801 0.0116563 -0.013249 -0.203858 -0.0765047 0.02
8.45488 8.46801 0.0191079 -0.0106219 0.372583 0.131351 0.02
8.45406 8.468 0.0106147 -0.0220977 -0.169865 -0.229515 0.05
8.45347 8.46799 0.0146998 0.00220142 0.0680852 0.404985 0.06
8.45336 8.46799 -0.000505901 -0.0132967 -0.760284 -0.774906 0.02
8.45305 8.46799 0.00774886 -0.0177904 0.412738 -0.224687 0.02
8.45289 8.46798 0.0146592 -0.0123673 0.691036 0.542318 0.01
8.45191 8.46799 -0.0167764 -0.0123488 -0.392945 0.000230485 0.08
8.45185 8.46799 -0.0191042 0.0072179 -0.116392 0.978336 0.02
8.45192 8.46799 -0.00376041 -0.000773002 0.767192 -0.399545 0.02
8.45183 8.46799 0.00132848 -0.00798419 0.254444 -0.360559 0.02
8.45178 8.46799 0.00970616 -0.0027358 0.837768 0.524839 0.01
8.45172 8.46799 0.00868251 -0.0080864 -0.102365 -0.53506 0.01
8.45052 8.46797 0.0177727 -0.0159546 0.0909015 -0.0786818 0.1
8.45012 8.46796 0.00813753 -0.0111665 -0.321171 0.159603 0.03
8.44999 8.46796 0.000805354 -0.0132641 -0.733217 -0.209762 0.01
8.44913 8.46797 -0.0122212 -0.00395203 -0.130266 0.0931208 0.1
8.44897 8.46797 -0.00760578 -0.00681297 0.153848 -0.0953648 0.03
8.44894 8.46797 -0.00552869 0.000646742 0.207709 0.745971 0.01
8.44885 8.46797 -0.00649731 -0.00417375 -0.0193724 -0.0964099 0.05
8.44789 8.46797 0.00981505 -0.0279629 0.271873 -0.396485 0.06
8.44773 8.46796 -0.0108974 0.0249096 -0.207125 0.528725 0.1
8.44798 8.46795 0.002234 -0.0165939 0.218857 -0.691724 0.06
8.44774 8.46795 -0.0196963 0.000196736 -0.731011 0.559687 0.03
8.44721 8.46796 -0.0124619 -0.0213007 0.144689 -0.429949 0.05
8.44682 8.46796 -0.00416107 -0.0180568 0.41504 0.162195 0.02
8.44668 8.46796 0.00241643 -0.00875307 0.65775 0.930376 0.01
8.44621 8.46797 -0.00714891 -0.00469565 -0.136648 0.0579631 0.07
8.44416 8.46797 0.000894767 -0.0408975 0.0893742 -0.402243 0.09
8.44377 8.46797 -0.000242369 -0.0380634 -0.113714 0.283411 0.01
8.44263 8.46796 0.0137861 -0.00735706 0.280569 0.614127 0.05
8.44255 8.46796 0.0125483 -0.00118058 -0.0618895 0.308824 0.02
8.44255 8.46796 0.00578067 0.00262606 -0.676762 0.380664 0.01
8.44251 8.46796 0.00460999 -0.00361929 -0.0146335 -0.0780669 0.08
8.44238 8.46796 0.0101072 -0.00507384 0.183241 -0.048485 0.03
8.44211 8.46796 -0.00339281 -0.00282615 -0.192858 0.0321097 0.07
8.44209 8.46796 -0.000386456 1.36907e-05 0.300636 0.283985 0.01
8.44121 8.46795 0.0104317 -0.0251946 0.154545 -0.360119 0.07
8.44048 8.46795 -0.00303362 -0.023502 -0.448844 0.0564211 0.03
8.43749 8.46793 0.0182584 -0.0512005 0.26615 -0.346232 0.08
8.43649 8.46792 0.000366706 -0.0486678 -0.894585 0.126639 0.02
8.43537 8.46792 0.00117332 -0.0261169 0.0268872 0.751694 0.03
8.43479 8.46792 -0.00959698 0.00673885 -0.179505 0.547596 0.06
8.43486 8.46792 -0.000269007 0.00737434 0.932797 0.063549 0.01
8.4349 8.46792 0.0017195 -0.00385757 0.0994253 -0.561595 0.02
8.43466 8.46791 0.00521456 -0.0119303 0.116502 -0.26909 0.03
8.43447 8.46791 0.00436103 0.00638557 -0.0121933 0.261655 0.07
8.4345 8.46791 0.00578572 -0.000405193 0.142469 -0.679076 0.01
8.43449 8.46791 -0.000901636 -0.000842611 -0.668736 -0.0437417 0.01
8.43408 8.46791 0.0085916 -0.0154559 0.189865 -0.292266 0.05
8.43362 8.4679 0.0231714 -0.00293114 0.291596 0.250496 0.05
8.4318 8.46788 0.00562239 -0.0375441 -0.194989 -0.384588 0.09
8.43097 8.46787 0.0288159 0.00432619 0.463871 0.837405 0.05
8.43105 8.46788 0.0244277 0.0123362 -0.438824 0.801 0.01
8.43126 8.46788 -0.0133954 -0.00206776 -0.945577 -0.360099 0.04
8.43123 8.46788 -0.00684582 -0.003539 0.654958 -0.147124 0.01
8.43124 8.46788 -0.00489486 0.00472942 0.195095 0.826842 0.01
8.43125 8.46788 0.00293692 -0.00386816 0.195795 -0.21494 0.04
8.4294 8.46785 0.0183793 -0.0332881 0.154424 -0.2942 0.1
8.42883 8.46785 -0.0236005 0.0144722 -0.699663 0.796005 0.06
8.42909 8.46784 -0.00523932 0.0111032 0.918058 -0.168449 0.02
8.42877 8.46784 -0.00749113 -0.0180929 -0.0250202 -0.324401 0.09
8.4282 8.46784 0.0166377 -0.000954273 0.402147 0.285643 0.06
8.42778 8.46784 0.0154083 -0.0201526 -0.0307358 -0.479959 0.04
8.42744 8.46784 -0.00351599 -0.0134159 -0.946213 0.336835 0.02
8.42708 8.46783 0.0101993 -0.0110304 0.457178 0.0795181 0.03
8.42685 8.46783 -0.0126004 0.00335925 -0.379996 0.239828 0.06
8.42665 8.46783 -0.00752712 -0.0167271 0.169109 -0.669543 0.03
8.42649 8.46784 -0.0134586 -0.0148322 -0.593146 0.189489 0.01
8.42633 8.46784 -0.0131189 -0.0161561 0.0339641 -0.132396 0.01
8.42588 8.46784 -0.00847149 -0.0144303 0.154915 0.0575262 0.03
8.42488 8.46784 0.0232912 -0.0188969 0.529379 -0.074443 0.06
