0 0 0 0
-0.0104184 -0.347277 4.02194 0.06
-0.0210231 -0.71318 -8.48634 0.02
-0.136872 -2.18194 -8.57853 0.08
-0.412743 -3.3235 -1.9788 0.1
-0.689541 -4.56856 -9.41886 0.07
-0.979729 -5.08337 -1.99771 0.06
-1.48255 -6.02113 -7.12085 0.09
-2.07289 -5.69193 1.27947 0.1
-2.5515 -4.89239 2.27885 0.09
-2.79692 -4.91525 -9.19265 0.05
-3.05936 -3.82748 8.55857 0.06
-3.16651 -3.31549 7.26468 0.03
-3.33664 -2.35743 6.23403 0.06
-3.50403 -1.83341 -2.86071 0.08
-3.5938 0.0321675 9.71312 0.1
-3.56763 0.841347 4.62424 0.06
-3.55883 0.918695 -1.21573 0.01
-3.53683 1.28097 9.10458 0.02
-3.42797 2.35133 8.61584 0.06
-3.21657 2.35211 -9.62365 0.09
-3.00401 3.72038 9.75783 0.07
-2.92637 4.04338 6.49406 0.02
-2.84243 4.34907 5.79837 0.02
-2.62467 4.35455 -8.87734 0.05
-2.53603 4.50722 -0.669854 0.02
-2.11722 4.75511 -3.93851 0.09
-1.811 5.4247 7.3847 0.06
-1.75666 5.44148 -0.395762 0.01
-1.64772 5.44947 -0.885545 0.02
-1.42512 5.6657 5.73528 0.04
-0.959643 4.61501 -8.01133 0.09
-0.498115 4.56552 6.76048 0.1
-0.407166 4.52817 6.95186 0.02
-0.0669169 3.96772 2.49265 0.08
0.190019 3.37518 1.29754 0.07
0.424129 3.32176 8.56562 0.07
0.752369 3.27272 7.63194 0.1
0.874669 2.84809 -3.89119 0.04
1.04674 2.08426 -5.33408 0.07
1.1665 1.34996 -6.13844 0.07
1.21369 1.01242 -4.80392 0.04
1.2494 0.775296 -2.67105 0.04
1.29777 0.439977 -1.33985 0.08
1.34204 0.67216 5.35228 0.08
1.40958 1.02499 6.33339 0.08
1.43157 1.17507 8.9745 0.02
1.50897 0.770077 -4.10447 0.08
1.54607 0.716981 -0.639717 0.05
1.5594 0.616649 -4.8411 0.02
1.57703 -0.261173 -8.82459 0.1
1.5748 0.197211 6.52429 0.07
1.58426 0.0404685 -2.05523 0.08
