-4 -4 0 0 0 0 0 
-4.00665 -3.93243 -0.0168141 -0.0176337 0.06974 0.011985 -0.0159274 
-3.97903 -3.84055 -0.0223014 -0.0456077 0.0377768 0.0249397 -0.0416109 
-3.92085 -3.74975 -0.0370576 -0.0422264 0.0171579 0.0452754 -0.0746731 
-3.8927 -3.68941 -0.0347684 -0.00163011 0.0314959 0.00628866 -0.0374602 
-3.88308 -3.68026 -0.00152747 0.0450534 -0.0388683 0.0108363 -0.0693415 
-3.82344 -3.68485 0.00335412 0.0903173 -0.067307 0.0366591 -0.105121 
-3.79489 -3.59591 -0.0191779 0.1032 -0.0934841 0.0634439 -0.123333 
-3.71081 -3.57888 0.0111427 0.111305 -0.111096 0.0939635 -0.0956768 
-3.59783 -3.4974 0.0261226 0.127781 -0.114041 0.0779677 -0.105972 
-3.5366 -3.47126 0.00773676 0.164724 -0.128468 0.101948 -0.066275 
-3.45179 -3.42565 0.0246119 0.173513 -0.0989645 0.132614 -0.084135 
-3.34127 -3.40545 0.0642237 0.150403 -0.0971566 0.109922 -0.0845669 
-3.30691 -3.41327 0.017142 0.157113 -0.155909 0.148479 -0.0709063 
-3.24227 -3.43021 -0.0129444 0.191715 -0.184695 0.179108 -0.0618281 
-3.16245 -3.38464 -0.000927093 0.237079 -0.198931 0.208177 -0.0544274 
-3.07355 -3.31813 0.00610635 0.261376 -0.206789 0.18526 -0.0812976 
-3.01466 -3.2642 -0.0315199 0.292834 -0.233604 0.188463 -0.0602541 
-2.95725 -3.24377 -0.0457807 0.309223 -0.245737 0.133535 -0.0189045 
-2.90775 -3.27817 -0.0046219 0.311345 -0.289426 0.0824972 -0.0206284 
-2.9029 -3.22202 0.040356 0.362523 -0.300623 0.0564401 -0.0103934 
-2.8218 -3.17814 0.00823448 0.391685 -0.314615 0.0335268 -0.000800121 
-2.75917 -3.12059 0.0311008 0.415667 -0.341373 -0.000585029 0.00642861 
-2.74709 -3.0765 0.0627839 0.443568 -0.371757 -0.0318304 -0.0266361 
-2.68466 -3.08222 0.0906502 0.417561 -0.393698 -0.0522616 -0.0676983 
-2.60541 -3.01043 0.100462 0.440686 -0.418263 -0.0584816 -0.0970503 
-2.58044 -2.94317 0.126941 0.488818 -0.424453 -0.101194 -0.10179 
-2.52588 -2.92402 0.0866897 0.442358 -0.456615 -0.115786 -0.0930794 
-2.4447 -2.88005 0.113381 0.408482 -0.465464 -0.152322 -0.0913503 
-2.35885 -2.8523 0.0936821 0.414608 -0.499453 -0.180551 -0.113081 
-2.33104 -2.88992 0.0394918 0.422782 -0.541926 -0.212281 -0.129725 
-2.23773 -2.90954 0.0743589 0.418264 -0.555016 -0.210776 -0.180396 
-2.12133 -2.92758 0.0855396 0.413859 -0.563853 -0.232659 -0.2163 
-2.08261 -2.83409 0.122799 0.385331 -0.575383 -0.232906 -0.237547 
-2.03109 -2.83839 0.135986 0.320793 -0.566347 -0.226804 -0.18211 
-2.02407 -2.73426 0.186716 0.321376 -0.579788 -0.254046 -0.17847 
-1.9684 -2.74861 0.214044 0.340836 -0.614075 -0.218489 -0.152589 
-1.90123 -2.66725 0.213381 0.327886 -0.637657 -0.191408 -0.122372 
-1.83749 -2.58535 0.220047 0.298231 -0.664255 -0.206231 -0.103892 
-1.83378 -2.5051 0.236106 0.284996 -0.71078 -0.183626 -0.125129 
-1.82296 -2.42311 0.238819 0.283114 -0.73185 -0.14007 -0.0770521 
-1.7473 -2.40819 0.245831 0.250685 -0.765914 -0.115421 -0.101783 
-1.6518 -2.31165 0.270525 0.240416 -0.785946 -0.117695 -0.108721 
-1.59041 -2.27691 0.28853 0.277458 -0.818345 -0.101548 -0.0828516 
-1.50789 -2.23309 0.290851 0.270204 -0.848842 -0.0495464 -0.0683603 
-1.45173 -2.14735 0.25429 0.291442 -0.868324 -0.0356028 -0.0746486 
-1.43528 -2.08263 0.289538 0.280861 -0.88895 -0.0597678 -0.11725 
-1.45424 -2.05936 0.378242 0.297984 -0.890568 -0.0151153 -0.135132 
-1.48512 -2.04039 0.447923 0.228138 -0.908199 -0.00978446 -0.133864 
-1.47417 -1.95326 0.481335 0.220492 -0.933188 0.0110856 -0.159136 
-1.47464 -1.87753 0.458283 0.204457 -0.948196 0.0497695 -0.190621 
-1.42108 -1.83984 0.481823 0.172512 -0.939998 0.0831434 -0.22807 
-1.35401 -1.78762 0.481422 0.167262 -0.963444 0.124063 -0.183091 
-1.24939 -1.79531 0.478137 0.16773 -1.03519 0.138495 -0.18826 
-1.2267 -1.69962 0.505595 0.162174 -1.10279 0.13881 -0.188988 
-1.17444 -1.72644 0.526373 0.18952 -1.11234 0.178038 -0.233333 
-1.09085 -1.72752 0.562892 0.230953 -1.11517 0.186176 -0.260823 
-0.995023 -1.71648 0.531556 0.201795 -1.14972 0.193761 -0.261725 
-0.901306 -1.74885 0.520793 0.22979 -1.14028 0.22565 -0.282487 
-0.819856 -1.78464 0.520034 0.277177 -1.1677 0.241332 -0.262706 
-0.787496 -1.73636 0.520786 0.282625 -1.22786 0.266241 -0.212091 
-0.689772 -1.79455 0.493797 0.325266 -1.23376 0.266285 -0.201407 
-0.615023 -1.77471 0.490045 0.35232 -1.25958 0.225298 -0.226457 
-0.568323 -1.77481 0.468891 0.386556 -1.24982 0.265562 -0.178575 
-0.542762 -1.80199 0.495376 0.406503 -1.22664 0.304285 -0.232932 
-0.468825 -1.80786 0.520835 0.419408 -1.2458 0.342893 -0.203231 
-0.407989 -1.8164 0.56084 0.379986 -1.25704 0.377953 -0.190396 
-0.297616 -1.82472 0.580349 0.34951 -1.25966 0.402627 -0.178357 
-0.231877 -1.86833 0.600152 0.37861 -1.29579 0.405095 -0.144745 
-0.144937 -1.93279 0.581179 0.364185 -1.34734 0.400351 -0.14267 
-0.0500878 -1.87378 0.537873 0.37366 -1.34767 0.393234 -0.170739 
0.000995126 -1.84515 0.598052 0.336692 -1.35359 0.402446 -0.141574 
0.0690504 -1.8348 0.64196 0.294149 -1.35739 0.39554 -0.107569 
0.084549 -1.83864 0.679489 0.288083 -1.39897 0.446834 -0.155135 
0.164405 -1.82676 0.707701 0.248368 -1.40979 0.462498 -0.130279 
0.212103 -1.87119 0.749386 0.232391 -1.41347 0.413221 -0.10609 
0.250424 -1.90498 0.782467 0.255606 -1.42174 0.369712 -0.065258 
0.33947 -1.9064 0.781238 0.258529 -1.48484 0.383958 -0.0358074 
0.401803 -1.93331 0.812672 0.296125 -1.45767 0.41861 -0.0345504 
0.508505 -1.95374 0.79145 0.303943 -1.45731 0.357978 -0.0332239 
0.560116 -1.97371 0.775462 0.246436 -1.48421 0.383042 -0.0140218 
0.620839 -1.91981 0.779107 0.212213 -1.48381 0.431527 0.0180347 
0.669211 -1.88254 0.826472 0.175118 -1.49451 0.453301 0.0400339 
0.732713 -1.90838 0.870926 0.163724 -1.51848 0.484463 0.0604985 
0.812185 -1.91917 0.8649 0.104443 -1.5212 0.465465 0.0932773 
0.902797 -1.86953 0.871627 0.0951088 -1.5478 0.465147 0.146971 
0.943265 -1.91092 0.833733 0.0474247 -1.55375 0.475296 0.187409 
0.936857 -1.94826 0.875832 0.0360366 -1.61824 0.489293 0.217547 
0.969242 -1.95167 0.817508 0.0228508 -1.65033 0.544028 0.208444 
1.01468 -1.89021 0.782966 0.00390083 -1.65335 0.579091 0.240437 
1.08583 -1.85791 0.759443 0.00465622 -1.6901 0.63242 0.247946 
1.13677 -1.84338 0.730299 0.0179453 -1.70544 0.673461 0.296157 
1.20267 -1.80746 0.716451 0.0545682 -1.66326 0.687052 0.314863 
1.26098 -1.83551 0.651946 0.066245 -1.63147 0.702124 0.327119 
1.29673 -1.76254 0.656183 0.116902 -1.62627 0.736823 0.351073 
1.35878 -1.69424 0.69219 0.147299 -1.63032 0.766381 0.358785 
1.36131 -1.67077 0.716327 0.132966 -1.55538 0.8011 0.387042 
1.43742 -1.71675 0.691686 0.171034 -1.55541 0.791736 0.426016 
1.47664 -1.67062 0.717774 0.19565 -1.59737 0.813278 0.451261 
1.44856 -1.58633 0.740979 0.189221 -1.61755 0.860495 0.46539 
1.46077 -1.49713 0.781645 0.153605 -1.63113 0.877582 0.462373 
1.48956 -1.40146 0.818483 0.122905 -1.64264 0.886184 0.474819 
1.51203 -1.33305 0.847626 0.0721793 -1.64538 0.915898 0.490483 
1.54648 -1.23152 0.824336 0.061071 -1.62629 0.908071 0.521959 
1.56848 -1.2266 0.76545 0.0283856 -1.62808 0.943487 0.473287 
1.59365 -1.19326 0.754038 0.0331754 -1.68046 0.978856 0.527558 
1.64137 -1.19347 0.705809 0.0162345 -1.6854 1.05015 0.516678 
1.64754 -1.13989 0.678843 0.0523882 -1.726 1.06592 0.543252 
1.69961 -1.16973 0.665843 0.00611551 -1.76205 1.08139 0.572446 
1.72884 -1.14923 0.613095 0.0151375 -1.74188 1.11722 0.618967 
1.74935 -1.0482 0.603988 -0.0092808 -1.76339 1.14996 0.628096 
1.78542 -0.982498 0.644227 0.00687527 -1.80702 1.16569 0.63739 
1.79196 -0.893602 0.599259 -0.0108464 -1.81588 1.1525 0.663522 
1.83204 -0.788076 0.647336 -0.0183398 -1.84069 1.15675 0.666002 
1.8838 -0.775466 0.687063 -0.0668362 -1.82229 1.16655 0.696308 
1.90837 -0.770678 0.733186 -0.125154 -1.86289 1.17381 0.673651 
1.93764 -0.706527 0.767648 -0.132305 -1.88201 1.22433 0.655417 
1.97694 -0.711333 0.80179 -0.082228 -1.88126 1.25127 0.606917 
2.03903 -0.728993 0.80677 -0.151528 -1.8979 1.24977 0.563904 
2.0796 -0.650732 0.860707 -0.161416 -1.89589 1.27807 0.581603 
2.17975 -0.592639 0.834213 -0.189732 -1.88436 1.28734 0.572979 
2.19908 -0.514681 0.847063 -0.150843 -1.85706 1.32698 0.573975 
2.27674 -0.446087 0.830557 -0.194529 -1.83554 1.3224 0.584059 
2.30659 -0.395237 0.852135 -0.204169 -1.80257 1.367 0.551811 
2.35878 -0.391234 0.834769 -0.145752 -1.73545 1.37099 0.552578 
2.37301 -0.390014 0.826051 -0.0659626 -1.7074 1.3697 0.484714 
2.43305 -0.321664 0.833026 -0.0636975 -1.64659 1.33362 0.481815 
2.43093 -0.279402 0.762563 -0.0453264 -1.61606 1.37121 0.48255 
2.45711 -0.264054 0.714502 -0.014539 -1.57362 1.38009 0.522032 
2.48798 -0.162898 0.709621 -0.000743297 -1.60364 1.33487 0.521713 
2.49465 -0.0707655 0.680451 0.0367684 -1.62724 1.3188 0.520442 
2.51572 0.0283648 0.682872 0.0256759 -1.61453 1.31593 0.590012 
2.50628 0.0745343 0.631898 0.0838932 -1.61652 1.35337 0.594272 
2.54565 0.136032 0.616662 0.116445 -1.64601 1.32579 0.572148 
2.58216 0.200125 0.590701 0.0667985 -1.64952 1.34881 0.596247 
2.61896 0.216044 0.555681 0.0836857 -1.68116 1.40816 0.613258 
2.66196 0.290792 0.512363 0.0872866 -1.68607 1.46431 0.619044 
2.68925 0.384247 0.562845 0.106135 -1.66652 1.47407 0.623058 
2.67661 0.395073 0.51903 0.0562304 -1.64576 1.53269 0.612802 
2.7064 0.482185 0.510239 0.0129371 -1.6528 1.51076 0.585927 
2.73613 0.50432 0.478042 0.00790125 -1.7253 1.54066 0.609229 
2.70557 0.504629 0.39985 0.0442903 -1.72999 1.54222 0.560624 
2.61067 0.575035 0.347467 0.0603715 -1.73165 1.55337 0.560071 
2.58963 0.590258 0.285406 0.0785662 -1.71768 1.58038 0.612875 
2.57611 0.630634 0.231195 0.0690713 -1.72528 1.62204 0.657332 
2.58894 0.715208 0.253826 0.116531 -1.72781 1.64865 0.672561 
2.5997 0.781897 0.204257 0.115629 -1.76121 1.68647 0.661806 
2.62049 0.808128 0.160263 0.151722 -1.7781 1.68677 0.592562 
2.65197 0.837637 0.120097 0.111867 -1.7719 1.74326 0.578414 
2.70193 0.871902 0.0872582 0.0940603 -1.77015 1.81048 0.558623 
2.71242 0.894984 0.04994 0.143859 -1.71954 1.83253 0.54374 
2.77012 0.991183 0.0261126 0.139252 -1.68765 1.8489 0.532617 
2.77747 1.0554 0.0252779 0.1348 -1.6337 1.7898 0.515591 
2.78482 1.11961 0.0244432 0.130349 -1.57975 1.73069 0.498565 
2.79217 1.18383 0.0236084 0.125897 -1.5258 1.67159 0.481539 
2.79951 1.24805 0.0227737 0.121446 -1.47186 1.61249 0.464513 
2.80686 1.31226 0.0219389 0.116994 -1.41791 1.55338 0.447486 
2.81421 1.37648 0.0211042 0.112543 -1.36396 1.49428 0.43046 
2.8048 1.41545 0.00845277 0.155771 -1.31631 1.43894 0.431498 
2.81269 1.4795 0.00811107 0.149474 -1.2631 1.38077 0.414055 
2.82058 1.54356 0.00776937 0.143177 -1.20989 1.3226 0.396612 
2.82847 1.60761 0.00742767 0.13688 -1.15667 1.26443 0.379169 
2.83366 1.65974 -0.0366438 0.180215 -1.10229 1.26067 0.381238 
2.84138 1.72191 -0.034944 0.171855 -1.05116 1.2022 0.363554 
2.86064 1.76739 -0.00351144 0.176853 -1.02336 1.14239 0.390129 
2.86765 1.82938 -0.00333484 0.167959 -0.971892 1.08494 0.370509 
2.87466 1.89137 -0.00315824 0.159065 -0.920425 1.02748 0.350888 
2.88167 1.95336 -0.00298164 0.15017 -0.868957 0.970029 0.331267 
2.88868 2.01535 -0.00280504 0.141276 -0.817489 0.912575 0.311647 
2.89569 2.07734 -0.00262844 0.132381 -0.766022 0.855121 0.292026 
2.90269 2.13934 -0.00245184 0.123487 -0.714554 0.797667 0.272405 
2.9097 2.20133 -0.00227524 0.114592 -0.663087 0.740213 0.252784 
2.91671 2.26332 -0.00209864 0.105698 -0.611619 0.682759 0.233164 
2.8829 2.28663 -0.0175805 0.154212 -0.592216 0.751404 0.226282 
2.80815 2.34853 0.0195132 0.156596 -0.593229 0.75823 0.170645 
2.83181 2.34467 0.0396159 0.190439 -0.51943 0.761442 0.125567 
2.84635 2.40133 0.0361905 0.173972 -0.474517 0.695604 0.11471 
2.86089 2.458 0.0327651 0.157506 -0.429605 0.629765 0.103852 
2.87544 2.51466 0.0293397 0.14104 -0.384692 0.563927 0.0929953 
2.88998 2.57132 0.0259143 0.124573 -0.339779 0.498088 0.0821381 
2.90452 2.62799 0.0224889 0.108107 -0.294866 0.43225 0.0712809 
2.91906 2.68465 0.0190635 0.0916405 -0.249954 0.366412 0.0604237 
2.93361 2.74131 0.015638 0.0751742 -0.205041 0.300573 0.0495665 
2.94815 2.79798 0.0122126 0.0587078 -0.160128 0.234735 0.0387093 
2.96269 2.85464 0.00878723 0.0422414 -0.115215 0.168896 0.0278521 
2.9764 2.8462 0.0665405 0.057018 -0.0887636 0.126732 -0.0149023 
2.98566 2.90656 0.0404237 0.0346387 -0.0539243 0.07699 -0.00905325 
2.99493 2.96693 0.0143069 0.0122594 -0.019085 0.0272485 -0.00320415 
3 3 0 0 0 0 0 

