-3 -3 0 0 0 0 0 
-3.00147 -3.0121 0.02188 0.0233269 0.0161552 0.0188104 -0.00763389 
-3.00699 -3.01871 0.0347939 0.0259127 0.0374607 0.042315 0.0234449 
-3.00669 -3.03008 0.0703971 0.0520328 0.0387434 0.0629201 0.0184296 
-3.01 -3.05006 0.0965701 0.0675117 0.0555381 0.0828911 0.0197583 
-3.02127 -3.04894 0.0968804 0.079345 0.0666741 0.127451 -0.00107849 
-3.01533 -3.06268 0.10922 0.0721174 0.0863188 0.149608 0.0225861 
-3.02023 -3.04855 0.11764 0.0321494 0.0971284 0.158582 0.00570972 
-3.04461 -3.0415 0.127762 0.0112811 0.0789009 0.170544 -0.00773561 
-3.06985 -3.02962 0.13416 0.00932644 0.0942092 0.18325 0.0280032 
-3.09056 -3.00623 0.167026 0.0202833 0.109201 0.183586 0.0376095 
-3.10691 -3.0228 0.195278 0.0269755 0.111524 0.201699 0.0589489 
-3.11295 -3.01868 0.207153 0.00659959 0.134689 0.220912 0.07701 
-3.10892 -3.01491 0.240205 0.00223379 0.154765 0.235094 0.0998162 
-3.11981 -3.00468 0.269087 -0.00129805 0.176242 0.259226 0.0927829 
-3.10554 -2.99074 0.270491 -0.000181227 0.173036 0.259132 0.090779 
-3.05417 -2.94054 0.275545 0.00383969 0.161492 0.258795 0.0835644 
-3.00279 -2.89035 0.280599 0.00786061 0.149949 0.258457 0.0763497 
-2.95141 -2.84015 0.285652 0.0118815 0.138405 0.25812 0.069135 
-2.90003 -2.78995 0.290706 0.0159024 0.126861 0.257782 0.0619204 
-2.84866 -2.73975 0.29576 0.0199234 0.115317 0.257445 0.0547057 
-2.79728 -2.68955 0.300814 0.0239443 0.103774 0.257108 0.047491 
-2.7459 -2.63936 0.305868 0.0279652 0.09223 0.25677 0.0402764 
-2.69452 -2.58916 0.310921 0.0319861 0.0806863 0.256433 0.0330617 
-2.64315 -2.53896 0.315975 0.036007 0.0691426 0.256095 0.025847 
-2.59177 -2.48876 0.321029 0.040028 0.0575989 0.255758 0.0186323 
-2.54039 -2.43856 0.326083 0.0440489 0.0460552 0.255421 0.0114177 
-2.48901 -2.38837 0.331136 0.0480698 0.0345115 0.255083 0.004203 
-2.43764 -2.33817 0.33619 0.0520907 0.0229678 0.254746 -0.00301167 
-2.38626 -2.28797 0.341244 0.0561116 0.0114241 0.254408 -0.0102263 
-2.33488 -2.23777 0.346298 0.0601325 -0.000119628 0.254071 -0.017441 
-2.2835 -2.18757 0.351352 0.0641535 -0.0116633 0.253734 -0.0246557 
-2.23213 -2.13738 0.356405 0.0681744 -0.023207 0.253396 -0.0318703 
-2.18075 -2.08718 0.361459 0.0721953 -0.0347507 0.253059 -0.039085 
-2.12937 -2.03698 0.366513 0.0762162 -0.0462945 0.252721 -0.0462997 
-2.07799 -1.98678 0.371567 0.0802371 -0.0578382 0.252384 -0.0535144 
-2.02662 -1.93658 0.37662 0.0842581 -0.0693819 0.252047 -0.060729 
-1.97524 -1.88638 0.381674 0.088279 -0.0809256 0.251709 -0.0679437 
-1.92386 -1.83619 0.386728 0.0922999 -0.0924693 0.251372 -0.0751584 
-1.87249 -1.78599 0.391782 0.0963208 -0.104013 0.251035 -0.082373 
-1.82111 -1.73579 0.396836 0.100342 -0.115557 0.250697 -0.0895877 
-1.76973 -1.68559 0.401889 0.104363 -0.1271 0.25036 -0.0968024 
-1.71835 -1.63539 0.406943 0.108384 -0.138644 0.250022 -0.104017 
-1.66698 -1.5852 0.411997 0.112404 -0.150188 0.249685 -0.111232 
-1.6156 -1.535 0.417051 0.116425 -0.161732 0.249348 -0.118446 
-1.56422 -1.4848 0.422104 0.120446 -0.173275 0.24901 -0.125661 
-1.51284 -1.4346 0.427158 0.124467 -0.184819 0.248673 -0.132876 
-1.46147 -1.3844 0.432212 0.128488 -0.196363 0.248335 -0.14009 
-1.41009 -1.33421 0.437266 0.132509 -0.207906 0.247998 -0.147305 
-1.40488 -1.30082 0.436655 0.138185 -0.212335 0.230857 -0.185663 
-1.37426 -1.27467 0.420634 0.141374 -0.19751 0.236998 -0.205215 
-1.32719 -1.24779 0.426406 0.149287 -0.200959 0.247438 -0.223433 
-1.32391 -1.21504 0.423566 0.135848 -0.1924 0.255794 -0.257326 
-1.30107 -1.20194 0.403754 0.155147 -0.184606 0.263938 -0.275951 
-1.29971 -1.18268 0.390266 0.171024 -0.182309 0.240137 -0.301184 
-1.2769 -1.15938 0.373684 0.182872 -0.16639 0.235196 -0.319291 
-1.27538 -1.10018 0.383142 0.200117 -0.168358 0.23433 -0.33053 
-1.27386 -1.04097 0.3926 0.217362 -0.170325 0.233464 -0.341768 
-1.26824 -1.03401 0.378658 0.241569 -0.160281 0.26503 -0.353063 
-1.2449 -1.01253 0.367621 0.247915 -0.153442 0.289265 -0.333243 
-1.21617 -0.981743 0.347629 0.235761 -0.152629 0.27089 -0.339799 
-1.19281 -0.952631 0.325725 0.215193 -0.168385 0.269466 -0.342821 
-1.17834 -0.930391 0.322449 0.20257 -0.135597 0.266064 -0.364199 
-1.18223 -0.901204 0.317422 0.193677 -0.115454 0.243255 -0.350518 
-1.15155 -0.897519 0.337869 0.174552 -0.0997475 0.241898 -0.338057 
-1.15403 -0.865734 0.343 0.145933 -0.0915465 0.217558 -0.339885 
-1.15107 -0.860002 0.353777 0.114648 -0.0517259 0.215372 -0.330405 
-1.1208 -0.858038 0.333663 0.0990403 -0.0410983 0.19954 -0.322919 
-1.0975 -0.835986 0.325057 0.086549 -0.0588342 0.198249 -0.295127 
-1.05264 -0.791138 0.338908 0.0925812 -0.0641152 0.202211 -0.302571 
-1.04227 -0.763576 0.314723 0.102775 -0.0798739 0.21498 -0.294926 
-1.03467 -0.74772 0.284878 0.122917 -0.0782634 0.19545 -0.283637 
-1.03493 -0.730906 0.268853 0.14423 -0.100352 0.204185 -0.298658 
-0.981657 -0.671938 0.271492 0.147442 -0.105783 0.204719 -0.307373 
-0.968328 -0.634827 0.256523 0.136894 -0.10376 0.200036 -0.335718 
-0.923947 -0.580108 0.26686 0.143461 -0.103227 0.204583 -0.343279 
-0.900072 -0.556798 0.256146 0.158021 -0.10141 0.229411 -0.357992 
-0.870497 -0.526527 0.236287 0.146881 -0.114212 0.225001 -0.348523 
-0.845453 -0.510706 0.234626 0.174589 -0.15075 0.228573 -0.347626 
-0.814245 -0.522121 0.222048 0.166975 -0.138919 0.215816 -0.325635 
-0.799445 -0.513107 0.204437 0.183568 -0.121382 0.199001 -0.311521 
-0.77753 -0.51639 0.197487 0.166554 -0.101593 0.183584 -0.330189 
-0.726311 -0.461886 0.199734 0.172066 -0.10123 0.187609 -0.343248 
-0.691948 -0.457111 0.213198 0.158022 -0.121602 0.179108 -0.334323 
-0.644628 -0.410669 0.223177 0.165335 -0.126564 0.182532 -0.342343 
-0.606895 -0.390134 0.219746 0.158752 -0.150793 0.173503 -0.328575 
-0.571823 -0.322667 0.225744 0.167716 -0.149571 0.174547 -0.335307 
-0.53675 -0.2552 0.231743 0.17668 -0.148349 0.175592 -0.342039 
-0.501677 -0.187733 0.237741 0.185644 -0.147127 0.176637 -0.348772 
-0.466605 -0.120266 0.24374 0.194608 -0.145905 0.177681 -0.355504 
-0.436337 -0.0864911 0.24307 0.177686 -0.163622 0.172264 -0.369426 
-0.426175 -0.0779537 0.224692 0.187967 -0.182316 0.154112 -0.390647 
-0.441596 -0.0195333 0.208522 0.194359 -0.185024 0.142867 -0.387582 
-0.433232 0.0125833 0.192003 0.213298 -0.202609 0.132594 -0.391078 
-0.445496 0.0251147 0.174081 0.191595 -0.217331 0.115017 -0.380536 
-0.428774 0.0518957 0.169043 0.204353 -0.233876 0.0959919 -0.365475 
-0.407015 0.0423422 0.147405 0.210035 -0.259914 0.113688 -0.360293 
-0.395471 0.0476679 0.139351 0.235415 -0.284674 0.0914867 -0.353402 
-0.343925 0.108473 0.139777 0.239407 -0.292172 0.0901691 -0.360455 
-0.313048 0.139266 0.137452 0.22756 -0.281575 0.0694786 -0.349521 
-0.265807 0.192797 0.143779 0.234881 -0.289342 0.0695578 -0.356633 
-0.285299 0.231722 0.137685 0.219784 -0.304361 0.0787437 -0.367705 
-0.233853 0.293804 0.138222 0.222567 -0.311723 0.0774083 -0.37506 
-0.182406 0.355886 0.138758 0.22535 -0.319086 0.0760729 -0.382415 
-0.130959 0.417968 0.139294 0.228133 -0.326448 0.0747375 -0.38977 
-0.0795129 0.48005 0.139831 0.230915 -0.33381 0.0734021 -0.397124 
-0.0280663 0.542132 0.140367 0.233698 -0.341172 0.0720667 -0.404479 
0.0233802 0.604214 0.140904 0.236481 -0.348535 0.0707313 -0.411834 
0.0748268 0.666296 0.14144 0.239264 -0.355897 0.0693959 -0.419189 
0.126273 0.728378 0.141976 0.242046 -0.363259 0.0680605 -0.426544 
0.174763 0.750021 0.140577 0.234226 -0.389767 0.0694552 -0.436321 
0.179876 0.779353 0.106375 0.230375 -0.3893 0.0467594 -0.427311 
0.219848 0.809083 0.0816259 0.230679 -0.398153 0.0305463 -0.427246 
0.231512 0.846222 0.0858335 0.256224 -0.421226 0.0294918 -0.420054 
0.273818 0.817497 0.0851164 0.265941 -0.428105 0.0331758 -0.392189 
0.305799 0.825336 0.0793238 0.284572 -0.439457 0.058932 -0.386647 
0.338414 0.821372 0.0587327 0.276862 -0.451699 0.0508035 -0.368173 
0.383162 0.856684 0.0445889 0.257004 -0.454572 0.0538736 -0.371226 
0.425045 0.873704 0.0568046 0.245847 -0.472778 0.0412288 -0.371793 
0.45928 0.88062 0.0652102 0.242871 -0.500006 0.0494263 -0.353526 
0.495035 0.894108 0.0789518 0.222915 -0.505435 0.0455426 -0.33475 
0.544038 0.933525 0.0901226 0.226186 -0.506915 0.0518861 -0.349596 
0.565487 0.939884 0.0747856 0.212402 -0.515756 0.0745026 -0.332547 
0.586865 0.925978 0.0961287 0.199227 -0.532234 0.0940324 -0.328576 
0.61247 0.956906 0.0874506 0.189577 -0.53533 0.0751997 -0.308984 
0.642677 0.971156 0.101444 0.178764 -0.546276 0.0920633 -0.294999 
0.705064 0.955001 0.10192 0.17666 -0.562731 0.0881261 -0.282417 
0.747452 0.940978 0.103706 0.182986 -0.575151 0.0538806 -0.282992 
0.7822 0.935653 0.103021 0.198364 -0.590493 0.0371289 -0.266301 
0.837301 0.994658 0.105535 0.201165 -0.600129 0.0372494 -0.270497 
0.826174 1.02816 0.0874706 0.208045 -0.615607 0.0413432 -0.250318 
0.832642 1.05157 0.108382 0.224367 -0.625961 0.0340686 -0.229467 
0.865274 1.06971 0.0877063 0.217408 -0.618346 0.0207799 -0.21534 
0.907011 1.08269 0.0702609 0.200682 -0.621499 0.0219661 -0.197558 
0.93734 1.12375 0.0702758 0.181016 -0.625401 0.00557642 -0.18858 
0.990354 1.18703 0.0713756 0.184877 -0.635059 0.00536916 -0.191204 
1.04337 1.25031 0.0724754 0.188738 -0.644716 0.00516191 -0.193828 
1.08404 1.22871 0.0661368 0.186369 -0.656654 -0.0143645 -0.180047 
1.12979 1.25642 0.0666875 0.176231 -0.672972 -0.00630436 -0.191497 
1.16403 1.28179 0.0484486 0.173869 -0.666591 0.00420227 -0.171606 
1.20837 1.29368 0.0414803 0.151509 -0.678484 0.0127509 -0.175931 
1.25977 1.29466 0.0456418 0.146991 -0.684435 -0.00322538 -0.157948 
1.3029 1.34805 0.0516959 0.156801 -0.692678 0.00239746 -0.156308 
1.32832 1.38266 0.0376973 0.143012 -0.711878 0.00684622 -0.150683 
1.3359 1.38892 0.0135288 0.133228 -0.701874 0.0293357 -0.126959 
1.39522 1.4496 0.0140614 0.135873 -0.712132 0.0297048 -0.128294 
1.43358 1.44604 0.0181142 0.119232 -0.725667 0.0140208 -0.139857 
1.48477 1.50448 0.0200005 0.126946 -0.733976 0.0181932 -0.140081 
1.53596 1.56293 0.0218868 0.134661 -0.742285 0.0223656 -0.140305 
1.58715 1.62137 0.0237731 0.142376 -0.750594 0.026538 -0.14053 
1.59235 1.63578 0.0349521 0.119351 -0.763357 0.0106479 -0.118707 
1.61151 1.67205 0.0353577 0.0998235 -0.782286 0.0177704 -0.105706 
1.66445 1.68169 0.0422533 0.0920756 -0.787992 0.0166274 -0.0810116 
1.68976 1.67814 0.0279931 0.0658954 -0.785318 -0.0049612 -0.0712749 
1.70322 1.68233 0.00844149 0.0518137 -0.774918 -0.0112355 -0.0356769 
1.73017 1.67426 -0.0104314 0.0308534 -0.770785 -0.00634837 -0.012661 
1.76392 1.70727 -0.00936847 0.0182535 -0.754569 0.0121145 -0.00821352 
1.7483 1.74677 -0.000863317 -0.000242581 -0.744389 0.000413295 0.00043113 
1.81122 1.81008 -0.000647488 -0.000181936 -0.754641 0.000309971 0.000323348 
1.87415 1.87339 -0.000431659 -0.000121291 -0.764894 0.000206647 0.000215565 
1.93707 1.93669 -0.000215829 -6.06453e-05 -0.775146 0.000103324 0.000107783 
2 2 0 0 -0.785398 0 0 

