-4 -4 0 0 0 0 0 
-3.89904 -3.93926 0.0264306 -0.00532972 0.0274521 0.0149986 -0.00796339 
-3.85525 -3.93447 0.00106844 -0.0627337 -0.00971688 -0.0045394 -0.0244449 
-3.74514 -3.88033 -0.00324829 -0.0800362 0.0390904 -0.00754582 -0.0205825 
-3.64681 -3.80313 -0.00722079 -0.0731209 0.00289642 -0.0231651 -0.0328638 
-3.58001 -3.76686 0.0160194 -0.0447981 -0.0287752 -0.0384044 -0.0583819 
-3.58052 -3.69758 0.0268579 -0.0745494 -0.0580225 -0.00185503 -0.0340493 
-3.49796 -3.6387 0.0514371 -0.0926849 -0.0662494 -0.0226946 -0.0608683 
-3.41653 -3.55289 0.0714351 -0.0997699 -0.0850672 -0.0383904 -0.080971 
-3.33606 -3.56709 0.102846 -0.13813 -0.115774 -0.0275434 -0.0740031 
-3.24178 -3.53113 0.139867 -0.172842 -0.120674 -0.0163193 -0.0627748 
-3.20442 -3.55232 0.156834 -0.22839 -0.109847 0.0355537 -0.0846174 
-3.14473 -3.49164 0.161104 -0.263667 -0.0944496 0.0636288 -0.116483 
-3.07232 -3.41578 0.177924 -0.278064 -0.0764609 0.097811 -0.128223 
-2.97603 -3.34113 0.152966 -0.278239 -0.105667 0.111197 -0.13866 
-2.89414 -3.24883 0.155798 -0.284113 -0.152368 0.0991549 -0.129497 
-2.88847 -3.15216 0.162738 -0.29171 -0.175642 0.0745617 -0.0887349 
-2.80317 -3.11494 0.204068 -0.312571 -0.159811 0.0801598 -0.0654282 
-2.73308 -3.09688 0.165437 -0.368347 -0.151051 0.0832546 -0.0440651 
-2.69528 -2.99954 0.132422 -0.310585 -0.148388 0.0827269 -0.0424522 
-2.60772 -2.91401 0.154747 -0.299854 -0.17743 0.070934 -0.0387433 
-2.56529 -2.87788 0.117736 -0.293539 -0.21166 0.101127 -0.00222334 
-2.48162 -2.82671 0.0865287 -0.285193 -0.237605 0.0981937 0.0312717 
-2.4077 -2.80824 0.0650408 -0.250465 -0.234608 0.138798 0.0552632 
-2.34116 -2.72739 0.0392523 -0.251786 -0.247181 0.111952 0.0840271 
-2.25406 -2.70023 0.000766111 -0.224676 -0.252177 0.112934 0.121215 
-2.18944 -2.64492 0.0163228 -0.19282 -0.218784 0.0960383 0.138453 
-2.06485 -2.50939 0.0159309 -0.188191 -0.213531 0.0937325 0.135128 
-2.04767 -2.47421 0.0048832 -0.176196 -0.203772 0.107382 0.120726 
-2.03049 -2.43903 -0.00616446 -0.164202 -0.194013 0.121032 0.106324 
-2.01594 -2.43497 -0.0411076 -0.141584 -0.19073 0.113898 0.0894095 
-2.00138 -2.43092 -0.0760508 -0.118967 -0.187447 0.106764 0.0724949 
-1.87548 -2.2942 -0.0741363 -0.115972 -0.182729 0.104077 0.0706699 
-1.88642 -2.2415 -0.074882 -0.0981887 -0.187835 0.124797 0.0688468 
-1.89737 -2.1888 -0.0756277 -0.0804056 -0.19294 0.145516 0.0670236 
-1.81288 -2.12657 -0.0910575 -0.0581874 -0.190428 0.182026 0.0854228 
-1.77539 -2.08533 -0.0892959 -0.0582803 -0.203106 0.194628 0.0682911 
-1.7379 -2.0441 -0.0875343 -0.0583731 -0.215783 0.20723 0.0511594 
-1.66251 -1.98907 -0.110598 -0.0387424 -0.193506 0.247703 0.052389 
-1.67565 -1.96244 -0.0952717 -0.022324 -0.176538 0.26649 0.0495818 
-1.68879 -1.93581 -0.079946 -0.00590548 -0.159569 0.285277 0.0467746 
-1.59872 -1.96654 -0.0988484 -0.00322146 -0.109142 0.285354 0.0140311 
-1.53554 -1.89831 -0.0974904 -0.00317721 -0.107643 0.281434 0.0138384 
-1.47236 -1.83008 -0.0961325 -0.00313295 -0.106143 0.277514 0.0136456 
-1.34601 -1.69362 -0.0934166 -0.00304444 -0.103145 0.269674 0.0132601 
-1.28284 -1.6254 -0.0920586 -0.00300019 -0.101645 0.265753 0.0130674 
-1.21966 -1.55717 -0.0907007 -0.00295593 -0.100146 0.261833 0.0128746 
-1.156 -1.51818 -0.0637507 0.0304963 -0.099816 0.299461 0.0398601 
-1.0727 -1.53323 -0.0294591 0.039342 -0.102576 0.335288 0.00623312 
-0.961802 -1.51807 0.00572358 0.06828 -0.110595 0.336668 0.0207837 

