-3 -3 0 0 0 0 0 
-2.94227 -2.94241 0.000205627 -0.000198659 -0.0178123 -7.97543e-05 -0.000163455 
-2.88454 -2.88483 0.000411253 -0.000397317 -0.0356245 -0.000159509 -0.000326911 
-2.82681 -2.82724 0.00061688 -0.000595976 -0.0534368 -0.000239263 -0.000490366 
-2.76909 -2.76965 0.000822507 -0.000794634 -0.071249 -0.000319017 -0.000653821 
-2.71136 -2.71207 0.00102813 -0.000993293 -0.0890613 -0.000398771 -0.000817277 
-2.72689 -2.7017 0.0131035 0.0261182 -0.113595 0.0114255 -0.00659706 
-2.73914 -2.68872 -0.00518905 0.0559925 -0.137742 0.00600215 -0.00217927 
-2.75634 -2.67404 0.00310552 0.0752837 -0.144534 -0.0161598 0.0186597 
-2.76829 -2.65714 -0.00161617 0.0798571 -0.160943 0.0113696 0.0447354 
-2.7852 -2.62361 -0.0250972 0.0951519 -0.153863 0.00880545 0.0587623 
-2.7984 -2.6042 -0.048354 0.112731 -0.175847 0.0103134 0.0709595 
-2.81725 -2.59495 -0.0255189 0.12726 -0.17757 0.0362238 0.0849662 
-2.82503 -2.58749 -0.0487361 0.154772 -0.149177 0.0408002 0.0794472 
-2.83758 -2.57435 -0.050972 0.16947 -0.119475 0.0461838 0.109261 
-2.85458 -2.56067 -0.0510578 0.190145 -0.143479 0.0564672 0.132389 
-2.85969 -2.55901 -0.0171901 0.215976 -0.14312 0.0244198 0.134914 
-2.87217 -2.55531 0.00318864 0.230771 -0.16522 -0.000675112 0.13953 
-2.88701 -2.54755 -0.0292182 0.237012 -0.165327 -0.00631596 0.178384 
-2.89979 -2.53154 -0.0316929 0.248247 -0.146749 -0.030724 0.155566 
-2.90744 -2.52675 -0.042615 0.27714 -0.139499 -0.0536924 0.134623 
-2.90276 -2.51892 -0.0665853 0.278888 -0.121007 -0.0829376 0.152042 
-2.91937 -2.47591 -0.0809453 0.282113 -0.120473 -0.0950777 0.175685 
-2.93832 -2.45323 -0.111315 0.296901 -0.120652 -0.114865 0.170366 
-2.93708 -2.44197 -0.143165 0.300539 -0.1162 -0.0956696 0.199903 
-2.95445 -2.41745 -0.16007 0.324457 -0.0980619 -0.0952657 0.189325 
-2.95884 -2.42197 -0.200176 0.340805 -0.0827883 -0.107266 0.179356 
-2.97579 -2.38614 -0.208823 0.339551 -0.0539203 -0.116185 0.16668 
-2.98953 -2.36439 -0.213658 0.366771 -0.0522528 -0.131765 0.191653 
-2.98604 -2.36148 -0.211842 0.366269 -0.0541191 -0.13006 0.191539 
-2.95293 -2.33389 -0.194631 0.361515 -0.0718083 -0.113903 0.190452 
-2.91981 -2.3063 -0.177421 0.356761 -0.0894975 -0.0977452 0.189365 
-2.8867 -2.27871 -0.160211 0.352007 -0.107187 -0.0815877 0.188278 
-2.85359 -2.25111 -0.143 0.347253 -0.124876 -0.0654302 0.187191 
-2.82048 -2.22352 -0.12579 0.342499 -0.142565 -0.0492727 0.186104 
-2.78736 -2.19593 -0.108579 0.337745 -0.160254 -0.0331153 0.185018 
-2.75425 -2.16834 -0.0913688 0.332991 -0.177943 -0.0169578 0.183931 
-2.72114 -2.14075 -0.0741584 0.328237 -0.195633 -0.000800275 0.182844 
-2.68802 -2.11315 -0.056948 0.323483 -0.213322 0.0153572 0.181757 
-2.65491 -2.08556 -0.0397375 0.318729 -0.231011 0.0315147 0.18067 
-2.6218 -2.05797 -0.0225271 0.313975 -0.2487 0.0476722 0.179584 
-2.58869 -2.03038 -0.00531665 0.309221 -0.266389 0.0638297 0.178497 
-2.55557 -2.00279 0.0118938 0.304467 -0.284079 0.0799872 0.17741 
-2.52246 -1.97519 0.0291042 0.299712 -0.301768 0.0961447 0.176323 
-2.48935 -1.9476 0.0463147 0.294958 -0.319457 0.112302 0.175236 
-2.45623 -1.92001 0.0635251 0.290204 -0.337146 0.12846 0.174149 
-2.42312 -1.89242 0.0807355 0.28545 -0.354835 0.144617 0.173063 
-2.39001 -1.86483 0.097946 0.280696 -0.372524 0.160775 0.171976 
-2.35689 -1.83724 0.115156 0.275942 -0.390214 0.176932 0.170889 
-2.32378 -1.80964 0.132367 0.271188 -0.407903 0.19309 0.169802 
-2.29067 -1.78205 0.149577 0.266434 -0.425592 0.209247 0.168715 
-2.25756 -1.75446 0.166788 0.26168 -0.443281 0.225405 0.167629 
-2.22444 -1.72687 0.183998 0.256926 -0.46097 0.241562 0.166542 
-2.19133 -1.69928 0.201209 0.252172 -0.47866 0.25772 0.165455 
-2.15822 -1.67168 0.218419 0.247418 -0.496349 0.273877 0.164368 
-2.1251 -1.64409 0.235629 0.242664 -0.514038 0.290035 0.163281 
-2.09199 -1.6165 0.25284 0.23791 -0.531727 0.306192 0.162194 
-2.05888 -1.58891 0.27005 0.233156 -0.549416 0.32235 0.161108 
-2.02576 -1.56132 0.287261 0.228402 -0.567105 0.338507 0.160021 
-1.99265 -1.53372 0.304471 0.223648 -0.584795 0.354665 0.158934 
-1.95954 -1.50613 0.321682 0.218894 -0.602484 0.370822 0.157847 
-1.92643 -1.47854 0.338892 0.21414 -0.620173 0.38698 0.15676 
-1.89331 -1.45095 0.356103 0.209386 -0.637862 0.403137 0.155673 
-1.8602 -1.42336 0.373313 0.204632 -0.655551 0.419294 0.154587 
-1.82709 -1.39576 0.390523 0.199878 -0.673241 0.435452 0.1535 
-1.79397 -1.36817 0.407734 0.195124 -0.69093 0.451609 0.152413 
-1.76086 -1.34058 0.424944 0.19037 -0.708619 0.467767 0.151326 
-1.72775 -1.31299 0.442155 0.185616 -0.726308 0.483924 0.150239 
-1.69463 -1.2854 0.459365 0.180862 -0.743997 0.500082 0.149153 
-1.66152 -1.2578 0.476576 0.176108 -0.761686 0.516239 0.148066 
-1.62841 -1.23021 0.493786 0.171354 -0.779376 0.532397 0.146979 
-1.5953 -1.20262 0.510996 0.1666 -0.797065 0.548554 0.145892 
-1.56218 -1.17503 0.528207 0.161845 -0.814754 0.564712 0.144805 
-1.52907 -1.14744 0.545417 0.157091 -0.832443 0.580869 0.143718 
-1.49596 -1.11984 0.562628 0.152337 -0.850132 0.597027 0.142632 
-1.46284 -1.09225 0.579838 0.147583 -0.867822 0.613184 0.141545 
-1.42973 -1.06466 0.597049 0.142829 -0.885511 0.629342 0.140458 
-1.40395 -1.03794 0.574218 0.167046 -0.894849 0.633068 0.143216 
-1.38997 -0.977183 0.579167 0.155555 -0.90386 0.644265 0.144225 
-1.376 -0.916427 0.584116 0.144064 -0.912872 0.655462 0.145234 
-1.36203 -0.85567 0.589064 0.132573 -0.921884 0.666659 0.146243 
-1.34805 -0.794914 0.594013 0.121082 -0.930896 0.677856 0.147252 
-1.33408 -0.734158 0.598962 0.109591 -0.939907 0.689053 0.148261 
-1.3201 -0.673402 0.60391 0.0980998 -0.948919 0.70025 0.14927 
-1.30613 -0.612646 0.608859 0.0866088 -0.957931 0.711448 0.150279 
-1.29216 -0.55189 0.613808 0.0751178 -0.966943 0.722645 0.151288 
-1.27818 -0.491134 0.618757 0.0636268 -0.975954 0.733842 0.152297 
-1.26421 -0.430378 0.623705 0.0521358 -0.984966 0.745039 0.153306 
-1.25023 -0.369622 0.628654 0.0406448 -0.993978 0.756236 0.154315 
-1.23626 -0.308866 0.633603 0.0291538 -1.00299 0.767433 0.155324 
-1.22229 -0.24811 0.638551 0.0176628 -1.012 0.77863 0.156333 
-1.20831 -0.187354 0.6435 0.00617175 -1.02101 0.789827 0.157342 
-1.19434 -0.126598 0.648449 -0.00531926 -1.03002 0.801024 0.158352 
-1.18036 -0.0658419 0.653397 -0.0168103 -1.03904 0.812222 0.159361 
-1.16639 -0.00508584 0.658346 -0.0283013 -1.04805 0.823419 0.16037 
-1.15241 0.0556702 0.663295 -0.0397923 -1.05706 0.834616 0.161379 
-1.13844 0.116426 0.668243 -0.0512833 -1.06607 0.845813 0.162388 
-1.12447 0.177182 0.673192 -0.0627743 -1.07508 0.85701 0.163397 
-1.11049 0.237938 0.678141 -0.0742653 -1.0841 0.868207 0.164406 
-1.09652 0.298694 0.68309 -0.0857563 -1.09311 0.879404 0.165415 
-1.08254 0.35945 0.688038 -0.0972473 -1.10212 0.890601 0.166424 
-1.06857 0.420206 0.692987 -0.108738 -1.11113 0.901798 0.167433 
-1.0546 0.480963 0.697936 -0.120229 -1.12014 0.912996 0.168442 
-1.04062 0.541719 0.702884 -0.13172 -1.12915 0.924193 0.169451 
-1.02665 0.602475 0.707833 -0.143211 -1.13817 0.93539 0.17046 
-1.01267 0.663231 0.712782 -0.154702 -1.14718 0.946587 0.171469 
-0.998699 0.723987 0.71773 -0.166193 -1.15619 0.957784 0.172478 
-0.984725 0.784743 0.722679 -0.177684 -1.1652 0.968981 0.173487 
-0.970751 0.845499 0.727628 -0.189175 -1.17421 0.980178 0.174496 
-0.956777 0.906255 0.732576 -0.200666 -1.18322 0.991375 0.175505 
-0.942803 0.967011 0.737525 -0.212157 -1.19224 1.00257 0.176514 
-0.928828 1.02777 0.742474 -0.223648 -1.20125 1.01377 0.177523 
-0.914854 1.08852 0.747423 -0.235139 -1.21026 1.02497 0.178532 
-0.90088 1.14928 0.752371 -0.24663 -1.21927 1.03616 0.179541 
-0.886906 1.21004 0.75732 -0.258121 -1.22828 1.04736 0.18055 
-0.872932 1.27079 0.762269 -0.269612 -1.2373 1.05856 0.181559 
-0.858958 1.33155 0.767217 -0.281103 -1.24631 1.06976 0.182569 
-0.844984 1.3923 0.772166 -0.292594 -1.25532 1.08095 0.183578 
-0.83101 1.45306 0.777115 -0.304085 -1.26433 1.09215 0.184587 
-0.817035 1.51382 0.782063 -0.315576 -1.27334 1.10335 0.185596 
-0.803061 1.57457 0.787012 -0.327068 -1.28235 1.11454 0.186605 
-0.789087 1.63533 0.791961 -0.338559 -1.29137 1.12574 0.187614 
-0.765109 1.67542 0.793462 -0.323711 -1.30839 1.13266 0.174619 
-0.73314 1.7125 0.792606 -0.324563 -1.32105 1.14295 0.148243 
-0.707658 1.74363 0.812856 -0.336862 -1.33202 1.14689 0.135939 
-0.678742 1.75105 0.792361 -0.349732 -1.31621 1.1411 0.120762 
-0.633163 1.76507 0.786787 -0.376048 -1.32357 1.1312 0.12392 
-0.659794 1.8255 0.775886 -0.375285 -1.34335 1.1312 0.126433 
-0.644008 1.86652 0.774722 -0.394117 -1.36016 1.13449 0.11048 
-0.60965 1.92271 0.768605 -0.388379 -1.36089 1.11659 0.114128 
-0.59657 1.98228 0.766456 -0.386316 -1.37532 1.10847 0.101885 
-0.590936 1.99847 0.749659 -0.412209 -1.38223 1.08243 0.0946614 
-0.576179 1.99771 0.734799 -0.43521 -1.40503 1.05931 0.093216 
-0.548637 2.02741 0.716728 -0.458539 -1.40158 1.045 0.0935513 
-0.513806 2.02605 0.700786 -0.475766 -1.4163 1.03867 0.0826367 
-0.504986 2.03329 0.67669 -0.475537 -1.44319 1.01519 0.0687462 
-0.47837 2.07632 0.664303 -0.494777 -1.45966 1.01622 0.0690293 
-0.453035 2.11408 0.654367 -0.481372 -1.48665 1.01387 0.0671835 
-0.432955 2.09277 0.635355 -0.464934 -1.47228 1.00687 0.0810926 
-0.400344 2.08489 0.616379 -0.451168 -1.46099 1.01773 0.0695377 
-0.370692 2.13281 0.600191 -0.448251 -1.45998 0.994261 0.0694857 
-0.35063 2.11572 0.583439 -0.43572 -1.47348 0.978794 0.054096 
-0.332096 2.12241 0.55237 -0.407123 -1.4762 0.961801 0.0550187 
-0.317055 2.18453 0.540933 -0.402987 -1.47957 0.945065 0.0546211 
-0.293508 2.18998 0.526132 -0.421228 -1.46385 0.93352 0.0390971 
-0.266837 2.19811 0.55051 -0.425521 -1.45683 0.92561 0.0105899 
-0.240167 2.20624 0.574888 -0.429815 -1.4498 0.9177 -0.0179174 
-0.209038 2.18752 0.559732 -0.439156 -1.42926 0.908707 -0.0275681 
-0.197098 2.20121 0.591775 -0.431286 -1.4194 0.904496 -0.0554163 
-0.185193 2.21549 0.579348 -0.449182 -1.4012 0.888511 -0.0723169 
-0.150516 2.24711 0.568051 -0.448131 -1.41781 0.866122 -0.0740433 
-0.133129 2.29182 0.550217 -0.439268 -1.40266 0.855968 -0.0740712 
-0.119402 2.3074 0.580393 -0.432283 -1.39269 0.850909 -0.101118 
-0.0873463 2.29806 0.571393 -0.441732 -1.37311 0.846379 -0.125168 
-0.0823795 2.27168 0.569126 -0.469226 -1.35743 0.845853 -0.15235 
-0.063812 2.26376 0.54607 -0.466738 -1.36726 0.870752 -0.171888 
-0.0518929 2.24241 0.532065 -0.448292 -1.34575 0.862147 -0.184863 
-0.0231606 2.25208 0.553338 -0.449269 -1.33749 0.852666 -0.214554 
0.00557169 2.26176 0.574612 -0.450246 -1.32922 0.843186 -0.244244 
0.0267828 2.25076 0.550426 -0.468645 -1.32362 0.821096 -0.250074 
0.0496693 2.23874 0.532872 -0.449614 -1.32213 0.824889 -0.28235 
0.0776424 2.24729 0.553989 -0.452854 -1.31446 0.815676 -0.311859 
0.105616 2.25585 0.575106 -0.456095 -1.30679 0.806462 -0.341367 
0.138785 2.25901 0.567831 -0.461479 -1.29379 0.791231 -0.367161 
0.179788 2.25472 0.544174 -0.461491 -1.30568 0.775042 -0.360135 
0.204586 2.26723 0.526746 -0.439604 -1.32631 0.779901 -0.367559 
0.233778 2.27642 0.547144 -0.442275 -1.31894 0.770676 -0.397301 
0.270977 2.28793 0.534338 -0.450138 -1.33748 0.757134 -0.405609 
0.309693 2.29152 0.52874 -0.456685 -1.32504 0.735873 -0.390337 
0.359396 2.30227 0.520594 -0.456388 -1.31433 0.724536 -0.408991 
0.373613 2.30273 0.500995 -0.47273 -1.2798 0.721371 -0.421135 
0.407834 2.32595 0.491471 -0.460386 -1.29689 0.706073 -0.425529 
0.438877 2.33695 0.512885 -0.461737 -1.29103 0.697627 -0.455525 
0.479153 2.32447 0.503389 -0.484689 -1.28795 0.692264 -0.472472 
0.510232 2.33569 0.525207 -0.48565 -1.28193 0.68435 -0.502709 
0.527878 2.31151 0.512572 -0.489153 -1.26382 0.659719 -0.513889 
0.538952 2.3158 0.50423 -0.488937 -1.21944 0.634646 -0.524005 
0.57886 2.34571 0.485872 -0.492348 -1.22427 0.627636 -0.507488 
0.59806 2.33635 0.468058 -0.491799 -1.24767 0.650742 -0.493721 
0.638066 2.3429 0.443843 -0.471763 -1.25753 0.649117 -0.497451 
0.678495 2.32648 0.420359 -0.453583 -1.25682 0.643451 -0.48913 
0.703256 2.34676 0.4063 -0.446593 -1.24872 0.623434 -0.4703 
0.737237 2.3944 0.387365 -0.447514 -1.24296 0.612811 -0.465063 
0.77155 2.38189 0.375301 -0.433756 -1.24032 0.591604 -0.451257 
0.799859 2.39028 0.354187 -0.431717 -1.23578 0.559808 -0.440275 
0.810977 2.37599 0.353311 -0.404633 -1.24526 0.539512 -0.464433 
0.837215 2.377 0.334003 -0.394025 -1.25508 0.523515 -0.48244 
0.870373 2.36324 0.316789 -0.406483 -1.24161 0.517775 -0.497653 
0.90902 2.38243 0.326444 -0.405906 -1.26069 0.509817 -0.517231 
0.93929 2.40013 0.321113 -0.387622 -1.27148 0.495937 -0.500583 
0.999004 2.39091 0.304717 -0.381703 -1.28631 0.497643 -0.501315 
1.03904 2.39487 0.285879 -0.38427 -1.30671 0.483341 -0.504969 
1.0774 2.37897 0.296904 -0.384814 -1.33133 0.4793 -0.523216 
1.10724 2.39255 0.308842 -0.374514 -1.33954 0.458363 -0.539041 
1.16423 2.43502 0.30586 -0.364059 -1.34466 0.451762 -0.535262 
1.172 2.42255 0.285431 -0.342315 -1.36506 0.439074 -0.545306 
1.19768 2.40188 0.274396 -0.330624 -1.38572 0.432483 -0.56236 
1.21322 2.38627 0.254303 -0.304038 -1.41206 0.436301 -0.561213 
1.24537 2.38157 0.245673 -0.286637 -1.42266 0.425289 -0.541342 
1.28298 2.39 0.262253 -0.277989 -1.4306 0.407994 -0.530355 
1.2942 2.38749 0.284027 -0.237946 -1.40578 0.408699 -0.529197 
1.31648 2.39352 0.270758 -0.219938 -1.42814 0.412875 -0.510087 
1.33733 2.38711 0.26061 -0.219164 -1.43244 0.38492 -0.475078 
1.3693 2.39699 0.254886 -0.208431 -1.43263 0.360575 -0.500613 
1.40262 2.41505 0.238002 -0.199556 -1.44196 0.343871 -0.490303 
1.42853 2.44221 0.227752 -0.187216 -1.44665 0.32347 -0.475518 
1.44942 2.43365 0.24307 -0.169915 -1.46393 0.343559 -0.468091 
1.45526 2.4228 0.238797 -0.160469 -1.48465 0.321671 -0.436731 
1.49495 2.4139 0.233064 -0.142361 -1.50162 0.314943 -0.424945 
1.53461 2.40066 0.241522 -0.160442 -1.5205 0.3046 -0.422521 
1.56102 2.39696 0.224407 -0.145832 -1.50325 0.283614 -0.419161 
1.58031 2.36208 0.229058 -0.120088 -1.50655 0.266568 -0.428562 
1.59693 2.35846 0.211078 -0.0990315 -1.52832 0.253902 -0.438076 
1.63105 2.35459 0.224384 -0.100501 -1.54514 0.237381 -0.420527 
1.66554 2.33416 0.207515 -0.0828297 -1.54376 0.219574 -0.426719 
1.69053 2.30817 0.208332 -0.0842295 -1.56226 0.193037 -0.410032 
1.74381 2.28593 0.210375 -0.0818762 -1.58159 0.192096 -0.392435 
1.76908 2.26884 0.186651 -0.0619302 -1.57711 0.180957 -0.382228 
1.77026 2.25678 0.169713 -0.0846694 -1.59469 0.152294 -0.380261 
1.79337 2.24794 0.180457 -0.0780065 -1.57108 0.152956 -0.346687 
1.81555 2.23856 0.152852 -0.0766675 -1.54624 0.149217 -0.328289 
1.84126 2.21352 0.12958 -0.0751205 -1.53653 0.159484 -0.308978 
1.88076 2.2082 0.117001 -0.0697039 -1.55545 0.158047 -0.287195 
1.89663 2.20402 0.0808467 -0.0776883 -1.58506 0.149162 -0.286233 
1.91241 2.18358 0.0733184 -0.061902 -1.59731 0.139907 -0.256874 
1.95381 2.16699 0.0726283 -0.0401173 -1.59665 0.151779 -0.236484 
2.00017 2.14422 0.0663151 -0.0370597 -1.62151 0.148623 -0.225523 
2.00946 2.14432 0.0847026 -0.0526909 -1.60716 0.127456 -0.20436 
1.99657 2.12136 0.0904654 -0.0361614 -1.6164 0.114197 -0.17549 
1.99494 2.12098 0.0697098 -0.0621669 -1.6171 0.0873315 -0.151485 
2.00639 2.08511 0.0599825 -0.0664393 -1.62346 0.0607438 -0.13609 
2.03323 2.06768 0.0456477 -0.0487853 -1.61939 0.0716109 -0.115022 
2.00394 2.07126 0.0608748 -0.0378804 -1.6183 0.0715672 -0.07179 
1.9772 2.05468 0.0386498 -0.0371513 -1.59687 0.0535479 -0.0779166 
1.99594 2.04088 0.0388417 -0.0483137 -1.57553 0.028688 -0.0587476 
2.0119 2.02445 0.0301087 -0.0269942 -1.56441 0.0147513 -0.0367612 
2.02042 2.00806 0.0178825 -0.0172765 -1.54906 -0.00693589 -0.014215 
2 2 0 0 -1.5708 0 0 

