-4 -4 0 0 0 0 0 
-3.92528 -3.95021 -0.0418357 0.0414767 0.00174442 0.0035405 -0.0216158 
-3.87544 -3.91552 -0.0883656 0.0329866 -0.0331462 0.0125682 -0.0619485 
-3.77661 -3.9295 -0.0970557 0.0636661 -0.0405694 0.000997945 -0.103772 
-3.69543 -3.84729 -0.0715534 0.071727 -0.0587674 -0.0115583 -0.123926 
-3.69687 -3.75759 -0.102467 0.0868976 -0.078256 -0.0470791 -0.13312 
-3.66367 -3.77179 -0.107973 0.0753612 -0.126828 -0.0858812 -0.0736413 
-3.63644 -3.71404 -0.135322 0.042187 -0.1601 -0.107653 -0.0530569 
-3.64951 -3.68868 -0.178788 0.0356704 -0.114855 -0.146557 -0.015729 
-3.54815 -3.61331 -0.209516 0.0538847 -0.123983 -0.155426 -0.00897529 
-3.54282 -3.5895 -0.235446 0.0939287 -0.178251 -0.191389 0.0104173 
-3.48988 -3.59904 -0.250082 0.108864 -0.207304 -0.159889 0.066504 
-3.39123 -3.58477 -0.281828 0.100094 -0.222062 -0.177863 0.0935842 
-3.35464 -3.51503 -0.286825 0.113021 -0.27661 -0.187812 0.132414 
-3.33152 -3.5309 -0.339672 0.0545065 -0.291762 -0.22958 0.136092 
-3.22813 -3.54246 -0.3446 0.0326915 -0.299145 -0.186251 0.154596 
-3.16048 -3.43603 -0.363595 0.0550427 -0.305518 -0.160719 0.153961 
-3.06188 -3.38033 -0.394236 0.0771788 -0.305941 -0.189333 0.158902 
-2.98243 -3.40405 -0.432727 0.114665 -0.291818 -0.174991 0.171547 
-2.89152 -3.38246 -0.457792 0.132135 -0.303288 -0.203386 0.147384 
-2.7849 -3.36312 -0.468731 0.144669 -0.277059 -0.240367 0.142427 
-2.74812 -3.33422 -0.489662 0.163434 -0.327623 -0.298582 0.137677 
-2.65166 -3.29334 -0.520212 0.169896 -0.287784 -0.315048 0.135757 
-2.62755 -3.13307 -0.527036 0.182145 -0.272065 -0.315739 0.138197 
-2.54981 -3.05979 -0.529338 0.159125 -0.307188 -0.342842 0.132573 
-2.46122 -3.05154 -0.527035 0.138622 -0.344665 -0.374535 0.15163 
-2.4227 -3.07618 -0.556201 0.162247 -0.390373 -0.367354 0.200222 
-2.34912 -3.10661 -0.579764 0.181124 -0.42916 -0.332874 0.195555 
-2.31967 -3.13054 -0.591884 0.226724 -0.47012 -0.283437 0.181616 
-2.27173 -3.16219 -0.586101 0.254042 -0.521142 -0.274506 0.13212 
-2.19414 -3.21848 -0.572588 0.256284 -0.570981 -0.309795 0.128854 
-2.1847 -3.23293 -0.60369 0.224416 -0.600971 -0.355522 0.0848039 
-2.1846 -3.24782 -0.648481 0.258802 -0.642007 -0.397991 0.107227 
-2.17811 -3.23838 -0.589778 0.311557 -0.672989 -0.404624 0.0677532 
-2.16998 -3.25825 -0.556278 0.347413 -0.709604 -0.445818 0.0991124 
-2.13072 -3.23811 -0.528308 0.39269 -0.748081 -0.425886 0.123336 
-2.07676 -3.26678 -0.510616 0.433458 -0.782604 -0.426816 0.0783531 
-2.06511 -3.29544 -0.502627 0.434907 -0.795245 -0.505335 0.00989221 
-1.9983 -3.31518 -0.520127 0.46021 -0.844978 -0.51022 -0.0230151 
-1.98634 -3.3474 -0.514475 0.496633 -0.847974 -0.570295 -0.0835079 
-1.90217 -3.37005 -0.51334 0.473211 -0.84957 -0.617827 -0.122654 
-1.87525 -3.38048 -0.472391 0.472311 -0.898586 -0.642617 -0.0671796 
-1.81166 -3.40229 -0.470027 0.502051 -0.923313 -0.681199 -0.0298157 
-1.78322 -3.4238 -0.404156 0.499465 -0.962434 -0.70077 -0.0670117 
-1.81975 -3.44494 -0.376624 0.499383 -1.01628 -0.766505 -0.0564214 
-1.78631 -3.4435 -0.385858 0.496771 -1.09157 -0.828234 -0.0740719 
-1.75666 -3.41373 -0.385465 0.52149 -1.14893 -0.825628 -0.146989 
-1.73667 -3.42369 -0.328282 0.572192 -1.16162 -0.818878 -0.0966528 
-1.69527 -3.45652 -0.299549 0.569953 -1.22735 -0.865069 -0.0923842 
-1.71759 -3.44798 -0.356974 0.625241 -1.26017 -0.892259 -0.0890109 
-1.72281 -3.40063 -0.30641 0.64526 -1.29661 -0.926233 -0.100379 
-1.63369 -3.42754 -0.301324 0.682621 -1.3141 -0.952861 -0.120715 
-1.58137 -3.45583 -0.34512 0.657222 -1.32445 -1.00869 -0.125866 
-1.56452 -3.46792 -0.33302 0.628681 -1.3668 -1.05323 -0.177595 
-1.52511 -3.48425 -0.27995 0.669811 -1.38076 -1.08042 -0.155611 
-1.56741 -3.52462 -0.258784 0.63942 -1.395 -1.12474 -0.187029 
-1.56632 -3.53018 -0.239603 0.712077 -1.37563 -1.18663 -0.208273 
-1.47787 -3.50374 -0.196535 0.674598 -1.37446 -1.20496 -0.200633 
-1.3713 -3.54282 -0.169613 0.708902 -1.36599 -1.21729 -0.196181 
-1.30378 -3.50074 -0.175701 0.656622 -1.38686 -1.24079 -0.213876 
-1.22448 -3.51454 -0.185622 0.685771 -1.42468 -1.25343 -0.243851 
-1.15192 -3.52802 -0.21536 0.707179 -1.42206 -1.23093 -0.29378 
-1.14319 -3.55162 -0.181246 0.715622 -1.4139 -1.29905 -0.349795 
-1.0527 -3.57341 -0.140164 0.701763 -1.43309 -1.32744 -0.354198 
-1.00692 -3.55147 -0.1632 0.677328 -1.49596 -1.3643 -0.356229 
-0.927663 -3.54445 -0.126574 0.644529 -1.52557 -1.38119 -0.360734 
-0.855174 -3.53523 -0.119159 0.627352 -1.57238 -1.38292 -0.306937 
-0.779768 -3.56293 -0.135011 0.62304 -1.59582 -1.32698 -0.327061 
-0.710859 -3.59072 -0.11298 0.637758 -1.6075 -1.30311 -0.380458 
-0.617151 -3.6023 -0.129552 0.695016 -1.61875 -1.31938 -0.384695 
-0.541163 -3.55522 -0.115312 0.677735 -1.64807 -1.36658 -0.387263 
-0.450386 -3.56414 -0.0951368 0.656264 -1.64869 -1.38557 -0.339736 
-0.377732 -3.57766 -0.0865839 0.671595 -1.67321 -1.33911 -0.308503 
-0.329439 -3.58041 -0.143071 0.644575 -1.68726 -1.29086 -0.314313 
-0.232701 -3.60265 -0.14596 0.665573 -1.71409 -1.27004 -0.285106 
-0.179161 -3.60994 -0.176747 0.652675 -1.69626 -1.31101 -0.328588 
-0.133101 -3.58467 -0.151809 0.683106 -1.72276 -1.33239 -0.372802 
-0.0586174 -3.60787 -0.110608 0.695371 -1.76989 -1.34718 -0.3662 
0.0153819 -3.61355 -0.103918 0.692473 -1.72397 -1.38583 -0.397822 
0.0368469 -3.62302 -0.0696616 0.73209 -1.70061 -1.42408 -0.438878 
0.0553588 -3.64581 -0.117645 0.76086 -1.73797 -1.45747 -0.462027 
0.0970064 -3.67201 -0.0956392 0.781259 -1.8257 -1.47752 -0.461424 
0.15524 -3.67602 -0.0691774 0.739718 -1.83942 -1.50617 -0.49268 
0.213618 -3.67115 -0.0359836 0.753076 -1.86302 -1.53954 -0.454785 
0.265249 -3.65198 -0.0290688 0.695104 -1.88536 -1.50269 -0.433927 
0.265121 -3.66945 0.0235986 0.618375 -1.91953 -1.50615 -0.449422 
0.31942 -3.62765 0.0487959 0.565938 -1.94669 -1.49835 -0.468313 
0.352147 -3.5652 0.0822128 0.522879 -1.95999 -1.51683 -0.447079 
0.399132 -3.55857 0.110025 0.495246 -1.9774 -1.47556 -0.485509 
0.413898 -3.59694 0.130914 0.442898 -1.9354 -1.45778 -0.511387 
0.477525 -3.57654 0.125972 0.384797 -1.93213 -1.39541 -0.515883 
0.552573 -3.60169 0.139204 0.395314 -1.89446 -1.3934 -0.573296 
0.606567 -3.60939 0.214363 0.354377 -1.89528 -1.37407 -0.564083 
0.635637 -3.61731 0.173461 0.321395 -1.92057 -1.33363 -0.59434 
0.681541 -3.62427 0.20202 0.3576 -1.90336 -1.29631 -0.628616 
0.743967 -3.64319 0.243651 0.334806 -1.93808 -1.2747 -0.64264 
0.800323 -3.6091 0.207174 0.305654 -1.97076 -1.24114 -0.644899 
0.858169 -3.5976 0.235052 0.293147 -2.04165 -1.21227 -0.644017 
0.891826 -3.6086 0.263177 0.339189 -2.06524 -1.14884 -0.640619 
0.970027 -3.60667 0.233958 0.34055 -2.09624 -1.13831 -0.690293 
1.04876 -3.61843 0.272717 0.353743 -2.09534 -1.16703 -0.729119 
1.11599 -3.60513 0.256548 0.360828 -2.13282 -1.16778 -0.799086 
1.19524 -3.5596 0.256346 0.342248 -2.14066 -1.20098 -0.847877 
1.24279 -3.50597 0.207768 0.356218 -2.13695 -1.20111 -0.90981 
1.29813 -3.50817 0.163969 0.384331 -2.11468 -1.15119 -0.910332 
1.33176 -3.49762 0.148105 0.379114 -2.1358 -1.11558 -0.997278 
1.35383 -3.49852 0.164357 0.346739 -2.1833 -1.0587 -1.02218 
1.41082 -3.51326 0.117824 0.297848 -2.17647 -1.04759 -0.994411 
1.45521 -3.50329 0.117617 0.337384 -2.22649 -0.993911 -0.98334 
1.53285 -3.53477 0.0433787 0.353208 -2.2277 -0.970635 -0.981664 
1.5807 -3.52695 0.0662633 0.308107 -2.23487 -0.921227 -0.95471 
1.59429 -3.52814 0.113057 0.347931 -2.23219 -0.846205 -0.932667 
1.60279 -3.54667 0.130848 0.3983 -2.24579 -0.802901 -0.987207 
1.65043 -3.57043 0.114004 0.403386 -2.23371 -0.744659 -1.04173 
1.69386 -3.54249 0.0964657 0.435591 -2.20536 -0.701704 -1.06904 
1.72021 -3.5038 0.118217 0.46647 -2.15081 -0.657876 -1.06687 
1.75865 -3.52083 0.0766357 0.50163 -2.13034 -0.617731 -1.08747 
1.84614 -3.5301 0.048913 0.534684 -2.1303 -0.609586 -1.13053 
1.86548 -3.55274 0.111104 0.541533 -2.06542 -0.595797 -1.15304 
1.9277 -3.58278 0.132333 0.542811 -2.09109 -0.561179 -1.10493 
1.94376 -3.52746 0.152847 0.580119 -2.09112 -0.536051 -1.16434 
1.98749 -3.55054 0.198651 0.5813 -2.04976 -0.497698 -1.18821 
1.99566 -3.44083 0.195212 0.574391 -2.04396 -0.451454 -1.2158 
2.0375 -3.3969 0.255401 0.595041 -2.04977 -0.432222 -1.18235 
2.05427 -3.36665 0.266282 0.642768 -2.0482 -0.474068 -1.24574 
2.12122 -3.3832 0.278378 0.667312 -2.04336 -0.394965 -1.25619 
2.19437 -3.37473 0.312525 0.668738 -2.07275 -0.439054 -1.2735 
2.20549 -3.34004 0.350177 0.617052 -2.07052 -0.378037 -1.28448 
2.20956 -3.28421 0.350552 0.629019 -2.12363 -0.355836 -1.34085 
2.18489 -3.2846 0.386589 0.668881 -2.13946 -0.297282 -1.3659 
2.24921 -3.3056 0.415413 0.625808 -2.12612 -0.29301 -1.40873 
2.26771 -3.22048 0.421201 0.578079 -2.13147 -0.276447 -1.4462 
2.30634 -3.22774 0.46044 0.516153 -2.12835 -0.240723 -1.46688 
2.32574 -3.17495 0.499269 0.474554 -2.15631 -0.20764 -1.46918 
2.31804 -3.12889 0.542784 0.504479 -2.19271 -0.194387 -1.49938 
2.3959 -3.11763 0.562952 0.438998 -2.19455 -0.168806 -1.50765 
2.42632 -3.11346 0.592225 0.474416 -2.233 -0.108396 -1.51338 
2.44162 -3.12477 0.51597 0.470024 -2.29702 -0.0848735 -1.52618 
2.44154 -3.13404 0.553066 0.414189 -2.34892 -0.0846777 -1.57188 
2.48884 -3.1141 0.588184 0.400547 -2.35712 -0.0430673 -1.62198 
2.52649 -3.05543 0.563543 0.444275 -2.35865 -0.023096 -1.66239 
2.54171 -3.04974 0.634507 0.443789 -2.32709 0.00785038 -1.71219 
2.54436 -3.03504 0.570379 0.37914 -2.31146 0.0166572 -1.74405 
2.5733 -2.98542 0.58694 0.359086 -2.31704 0.0562789 -1.80479 
2.59033 -2.97409 0.651624 0.336903 -2.2977 0.0773742 -1.85703 
2.62102 -2.95026 0.671699 0.310913 -2.2563 0.105953 -1.90213 
2.66853 -3.00098 0.699931 0.285597 -2.24043 0.0875295 -1.94479 
2.68718 -2.87491 0.715865 0.274154 -2.24432 0.0801361 -1.97869 
2.67934 -2.864 0.753332 0.328565 -2.2229 0.108296 -2.0238 
2.71316 -2.84786 0.787088 0.348656 -2.2354 0.147403 -2.08087 
2.73629 -2.90188 0.797614 0.368018 -2.18543 0.185894 -2.10374 
2.76326 -2.86528 0.843257 0.34631 -2.17722 0.224634 -2.14398 
2.79482 -2.78918 0.873535 0.343331 -2.16071 0.256418 -2.18006 
2.84052 -2.79746 0.898165 0.376535 -2.22664 0.233401 -2.18683 
2.87047 -2.80436 0.923426 0.428599 -2.25693 0.181158 -2.19624 
2.90292 -2.74711 0.972248 0.453126 -2.23179 0.170207 -2.221 
2.94243 -2.80163 0.995125 0.460692 -2.15636 0.147455 -2.21695 
2.94272 -2.72299 1.02141 0.432207 -2.15379 0.102298 -2.23582 
2.95814 -2.61675 1.05417 0.437038 -2.14696 0.12834 -2.258 
2.99899 -2.61202 1.06171 0.39426 -2.08812 0.161052 -2.27501 
3.02879 -2.57505 1.1033 0.351221 -2.08333 0.21037 -2.28879 
3.03532 -2.52953 1.10742 0.395652 -2.06712 0.25652 -2.33189 
3.07645 -2.51197 1.0846 0.434694 -2.05816 0.316919 -2.35595 
3.09369 -2.45822 1.09272 0.396247 -2.00282 0.342961 -2.37156 
3.10935 -2.457 1.09466 0.424695 -1.907 0.371133 -2.34164 
3.13441 -2.38604 1.13709 0.422935 -1.85377 0.379832 -2.36027 
3.15993 -2.37012 1.09116 0.435802 -1.77407 0.378795 -2.39065 
3.18452 -2.33713 1.13891 0.477942 -1.76579 0.395261 -2.43486 
3.18847 -2.24624 1.15383 0.513935 -1.75935 0.370252 -2.46153 
3.21919 -2.23157 1.14024 0.529304 -1.79912 0.425471 -2.50352 
3.23728 -2.19023 1.20189 0.563105 -1.79626 0.425639 -2.55992 
3.25663 -2.23933 1.24536 0.56879 -1.7707 0.453942 -2.60412 
3.29262 -2.22703 1.2658 0.507587 -1.74433 0.483144 -2.62887 
3.2985 -2.29008 1.29259 0.470511 -1.69746 0.50209 -2.63587 
3.27491 -2.23444 1.29325 0.500001 -1.66244 0.508767 -2.7036 
3.27562 -2.23336 1.23735 0.495905 -1.59075 0.543431 -2.73596 
3.29876 -2.16025 1.2608 0.450141 -1.56385 0.554579 -2.75202 
3.32851 -2.11945 1.30179 0.473773 -1.54952 0.493 -2.76099 
3.32262 -2.08209 1.27922 0.417559 -1.54002 0.478999 -2.82089 
3.35274 -2.02829 1.24808 0.356419 -1.54075 0.452832 -2.84006 
3.38675 -1.99528 1.31247 0.306659 -1.53895 0.461887 -2.86766 
3.36768 -1.90782 1.32241 0.295389 -1.55884 0.509411 -2.88952 
3.39608 -1.89156 1.36034 0.25615 -1.59949 0.51925 -2.92914 
3.4195 -1.76777 1.3539 0.213197 -1.59264 0.536245 -2.9299 
3.42336 -1.7241 1.37321 0.202146 -1.60728 0.585093 -2.99221 
3.47183 -1.75275 1.35653 0.149884 -1.55358 0.58862 -3.00973 
3.4267 -1.7126 1.3818 0.122594 -1.52994 0.634452 -3.0273 
3.44379 -1.64329 1.40049 0.16521 -1.48724 0.637368 -3.04898 
3.44816 -1.6081 1.38216 0.11329 -1.44268 0.677668 -3.03956 
3.44853 -1.58793 1.31391 0.0315987 -1.43108 0.660171 -3.03876 
3.47624 -1.51981 1.32298 0.00852609 -1.42344 0.733267 -3.02518 
3.48781 -1.43702 1.29351 0.0280596 -1.40978 0.763957 -3.04822 
3.50633 -1.34472 1.35337 0.0270739 -1.41945 0.7672 -3.08033 
3.49962 -1.26176 1.37008 0.0822369 -1.40943 0.789328 -3.06759 
3.514 -1.19541 1.40138 0.0831823 -1.44612 0.830359 -3.08972 
3.53255 -1.1763 1.44397 0.0936556 -1.48042 0.881117 -3.12498 
3.52204 -1.08105 1.45924 0.0890352 -1.45973 0.911645 -3.09191 
3.52474 -1.00349 1.50872 0.104716 -1.44041 0.916346 -3.0587 
3.50704 -0.979769 1.55658 0.0847924 -1.41419 0.982921 -3.04888 
3.52566 -0.905971 1.56474 0.108524 -1.42286 1.03525 -3.01788 
3.53922 -0.864984 1.61042 0.116099 -1.42102 0.966685 -2.98472 
3.53847 -0.772092 1.6039 0.0819847 -1.38111 0.963577 -2.96126 
3.56233 -0.660652 1.60368 0.110468 -1.38443 0.938658 -2.99035 
3.54853 -0.577942 1.63299 0.0994161 -1.38877 0.981802 -3.01865 
3.55044 -0.495283 1.67469 0.124066 -1.37443 1.00544 -3.03166 
3.57613 -0.456104 1.62481 0.133667 -1.32347 0.994974 -3.06391 
3.60898 -0.383858 1.58388 0.124445 -1.31809 1.01506 -3.10892 
3.56213 -0.326981 1.54702 0.159239 -1.31751 1.01908 3.12419 
3.5799 -0.287272 1.56574 0.172967 -1.25794 1.05218 3.09281 
3.57979 -0.242245 1.59623 0.22466 -1.23837 1.0559 -3.14088 
3.53712 -0.152615 1.60525 0.247182 -1.23202 1.09679 -3.11893 
3.52232 -0.0791178 1.61247 0.263472 -1.28571 1.0917 3.12151 
3.52642 -0.00140237 1.57233 0.29124 -1.29221 1.12904 3.11106 
3.54487 0.0486701 1.56147 0.3247 -1.2641 1.15429 3.06211 
3.54247 0.129456 1.58076 0.330586 -1.29877 1.13287 3.0242 
3.55161 0.181844 1.58046 0.307814 -1.29694 1.07998 2.95517 
3.57857 0.221983 1.57653 0.247996 -1.29082 1.08142 2.87483 
3.55994 0.259465 1.51358 0.262154 -1.30039 1.10007 2.82202 
3.56188 0.31584 1.54689 0.214703 -1.28957 1.1094 2.77935 
3.54735 0.372486 1.59868 0.193284 -1.23535 1.12008 2.77594 
3.5557 0.420686 1.6035 0.23546 -1.26769 1.14586 2.72997 
3.53736 0.485489 1.64468 0.184578 -1.28935 1.14665 2.71184 
3.56593 0.538766 1.67833 0.208285 -1.34934 1.16841 2.7114 
3.58715 0.609045 1.66902 0.154927 -1.37308 1.17568 2.67849 
3.60453 0.681503 1.66498 0.15215 -1.41567 1.1219 2.6562 
3.604 0.732246 1.71719 0.156565 -1.44613 1.16929 2.64141 
3.59415 0.817271 1.72153 0.172516 -1.48033 1.12003 2.63076 
3.6262 0.888363 1.72292 0.221984 -1.53669 1.13055 2.63504 
3.59281 0.874457 1.77878 0.274313 -1.55245 1.11419 2.61152 
3.60971 0.924639 1.8211 0.291331 -1.61125 1.12733 2.59574 
3.59835 0.957723 1.78581 0.293051 -1.64486 1.18628 2.56029 
3.58527 0.965097 1.77646 0.234449 -1.67016 1.16052 2.49431 
3.59781 1.0196 1.80407 0.174683 -1.67434 1.14427 2.45804 
3.62175 1.13373 1.80071 0.136803 -1.68594 1.17369 2.45918 
3.5944 1.17144 1.83044 0.0908262 -1.73295 1.17815 2.43293 
3.59352 1.23674 1.88733 0.0537552 -1.72235 1.16121 2.41973 
3.57827 1.2869 1.90574 0.042576 -1.67743 1.18649 2.37195 
3.57084 1.3251 1.9426 0.0243321 -1.67494 1.14244 2.31252 
3.53624 1.37789 1.93061 -0.015668 -1.69941 1.10435 2.29021 
3.54998 1.4458 1.90235 -0.0500817 -1.71271 1.09469 2.24512 
3.54539 1.49112 1.84961 -0.105357 -1.72039 1.06928 2.23178 
3.53268 1.52629 1.8065 -0.102901 -1.68029 1.04435 2.17976 
3.51997 1.56146 1.76339 -0.100445 -1.64019 1.01943 2.12774 
3.50726 1.59663 1.72028 -0.0979899 -1.6001 0.99451 2.07573 
3.49455 1.6318 1.67717 -0.0955342 -1.56 0.969588 2.02371 
3.47748 1.7008 1.61337 -0.0986063 -1.53256 0.969857 1.98937 
3.47576 1.72372 1.64957 -0.0790495 -1.60634 0.956395 1.95534 
3.43866 1.71918 1.72871 -0.0703288 -1.60748 0.897582 1.94053 
3.45581 1.78894 1.72866 -0.0341482 -1.64254 0.889459 1.89179 
3.44363 1.82131 1.68244 -0.0332352 -1.59863 0.865679 1.84121 
3.4536 1.85397 1.73706 -0.0666102 -1.59111 0.84014 1.79641 
3.44111 1.88553 1.68923 -0.0647762 -1.5473 0.817008 1.74694 
3.42862 1.91708 1.6414 -0.0629421 -1.50349 0.793876 1.69748 
3.44487 1.93436 1.61915 -0.0871129 -1.54329 0.723886 1.67741 
3.42988 1.95147 1.66561 -0.0641016 -1.49816 0.691194 1.64745 
3.43315 2.00873 1.61402 -0.120651 -1.47285 0.683468 1.64598 
3.453 2.01717 1.6455 -0.157693 -1.42851 0.698602 1.59555 
3.43929 2.04692 1.5957 -0.15292 -1.38527 0.677459 1.54726 
3.42558 2.07666 1.54589 -0.148147 -1.34204 0.656315 1.49897 
3.44411 2.13137 1.5136 -0.176393 -1.31952 0.636855 1.45925 
3.42066 2.2101 1.4465 -0.179461 -1.31075 0.662417 1.4459 
3.4065 2.2367 1.39779 -0.173418 -1.26662 0.640114 1.39722 
3.39214 2.29205 1.4125 -0.150986 -1.24263 0.607249 1.3484 
3.37806 2.31747 1.36179 -0.145566 -1.19802 0.585449 1.29999 
3.36398 2.34288 1.31108 -0.140146 -1.15341 0.563648 1.25158 
3.34991 2.3683 1.26037 -0.134725 -1.1088 0.541848 1.20318 
3.33583 2.39371 1.20967 -0.129305 -1.06419 0.520048 1.15477 
3.32175 2.41913 1.15896 -0.123884 -1.01958 0.498248 1.10636 
3.3226 2.45464 1.12082 -0.0925799 -0.994767 0.443162 1.12151 
3.30796 2.47939 1.06995 -0.0883779 -0.949617 0.423047 1.07061 
3.29331 2.50414 1.01908 -0.0841759 -0.904467 0.402933 1.0197 
3.27867 2.52889 0.968208 -0.0799739 -0.859317 0.382819 0.9688 
3.26403 2.55365 0.917337 -0.075772 -0.814166 0.362705 0.917897 
3.23152 2.53163 0.86318 -0.0896234 -0.744493 0.376906 0.926755 
3.21838 2.55822 0.814183 -0.0845361 -0.702233 0.355512 0.87415 
3.15461 2.59347 0.771711 -0.0683972 -0.676481 0.387667 0.863532 
3.14496 2.61885 0.72352 -0.064126 -0.634237 0.363458 0.809608 
3.13669 2.6623 0.749941 -0.0707559 -0.594041 0.304433 0.786106 
3.1251 2.71399 0.733644 -0.127151 -0.568936 0.29223 0.749077 
3.11611 2.73454 0.680925 -0.118014 -0.528053 0.271231 0.695249 
3.10712 2.75509 0.628206 -0.108877 -0.487169 0.250231 0.64142 
3.09813 2.77565 0.575487 -0.0997401 -0.446286 0.229232 0.587592 
3.14126 2.77346 0.564138 -0.0882634 -0.489847 0.156126 0.570275 
3.12803 2.79468 0.511306 -0.0799976 -0.443973 0.141505 0.516869 
3.1148 2.81589 0.458475 -0.0717318 -0.398099 0.126884 0.463463 
3.10158 2.83711 0.405644 -0.0634659 -0.352225 0.112263 0.410057 
3.08835 2.85832 0.352813 -0.0552001 -0.306351 0.0976415 0.356651 
3.07512 2.87954 0.299981 -0.0469343 -0.260477 0.0830204 0.303245 
3.06189 2.90075 0.24715 -0.0386685 -0.214603 0.0683993 0.249839 
3.04888 2.86818 0.193545 -0.0549432 -0.223434 0.017545 0.21448 
3.03731 2.89939 0.14771 -0.0419319 -0.170522 0.0133901 0.163688 
3.02573 2.93061 0.101876 -0.0289205 -0.117609 0.00923517 0.112896 
3.01415 2.96183 0.056042 -0.0159091 -0.0646967 0.00508026 0.062104 
3.00258 2.99305 0.0102078 -0.00289779 -0.0117842 0.000925348 0.011312 
3 3 0 0 0 0 0 

