-5 -5   -5.31172 -5.00115
-5 -5   -5.30907 -5.26134
-5 -5   -4.59925 -4.95134
-4.8469 -5.95448   -4.9658 -5.79174
-4.8469 -5.95448   -4.85173 -6.07282
-4.95969 -6.45277   -5.05315 -6.47708
-5.05315 -6.47708   -5.17829 -6.3615
-5.05315 -6.47708   -4.71121 -6.47104
-4.9349 -5.58979   -4.8469 -5.95448
-4.9349 -5.58979   -4.79598 -5.72722
-4.85173 -6.07282   -4.94917 -6.11233
-4.85173 -6.07282   -5.03342 -6.3985
-4.85173 -6.07282   -4.7887 -5.95191
-4.94917 -6.11233   -4.99481 -6.12929
-5.03342 -6.3985   -5.02493 -6.42907
-5.02493 -6.42907   -4.95969 -6.45277
-5.02493 -6.42907   -4.85861 -6.44933
-4.85861 -6.44933   -4.87907 -6.44441
-5.17829 -6.3615   -5.29608 -6.15445
-5.17829 -6.3615   -5.27817 -6.09218
-5.17829 -6.3615   -4.89451 -6.2558
-5.29608 -6.15445   -5.31973 -6.21513
-5.29608 -6.15445   -5.32456 -6.07985
-5.27817 -6.09218   -5.39747 -6.37541
-4.71121 -6.47104   -4.75025 -6.4652
-4.71121 -6.47104   -4.33626 -6.57775
-4.33626 -6.57775   -4.76207 -6.98907
-4.33626 -6.57775   -4.30151 -6.37962
-4.33626 -6.57775   -4.35622 -6.69114
-4.76207 -6.98907   -4.91956 -6.90905
-4.76207 -6.98907   -4.62653 -6.95406
-4.91956 -6.90905   -5.09704 -6.87379
-4.62653 -6.95406   -4.55577 -6.84141
-4.62653 -6.95406   -4.70268 -7.17006
-5.09704 -6.87379   -5.14217 -6.83639
-5.09704 -6.87379   -5.03278 -6.9315
-5.14217 -6.83639   -5.203 -6.70286
-5.03278 -6.9315   -4.97141 -6.7427
-5.03278 -6.9315   -5.29963 -7.20253
-5.00612 -7.25894   -5.08077 -7.10925
-4.70268 -7.17006   -4.455 -7.34904
-4.70268 -7.17006   -4.78899 -7.1877
-4.35622 -6.69114   -4.59845 -6.71036
-4.35622 -6.69114   -4.01774 -6.45154
-4.455 -7.34904   -4.39482 -7.47257
-4.39482 -7.47257   -4.39427 -7.33428
-4.39482 -7.47257   -4.4516 -7.53892
-4.39482 -7.47257   -4.23123 -7.16581
-4.39482 -7.47257   -4.16351 -7.17057
-4.4516 -7.53892   -4.71279 -7.58874
-4.23123 -7.16581   -4.61764 -7.23604
-4.01774 -6.45154   -3.84204 -6.36892
-3.84204 -6.36892   -3.75487 -6.4839
-3.84204 -6.36892   -3.99157 -6.30966
-3.75487 -6.4839   -3.66583 -6.57092
-3.99157 -6.30966   -3.73131 -6.4777
-3.99157 -6.30966   -4.30571 -6.5198
-3.66583 -6.57092   -3.49862 -6.84253
-3.66583 -6.57092   -3.64821 -6.53428
-3.49862 -6.84253   -3.53564 -7.02244
-3.49862 -6.84253   -3.26975 -6.67685
-3.53564 -7.02244   -3.87019 -6.67943
-3.53564 -7.02244   -3.67993 -6.93778
-3.53564 -7.02244   -3.12384 -7.18138
-3.12384 -7.18138   -3.10975 -7.14807
-5.71444 -7.3099   -5.70717 -7.35474
-5.71444 -7.3099   -5.64355 -7.26222
-5.71444 -7.3099   -5.73029 -7.34405
-5.70717 -7.35474   -5.62328 -7.27692
-5.29963 -7.20253   -5.00612 -7.25894
-5.29963 -7.20253   -5.29076 -7.19848
-5.29963 -7.20253   -5.47086 -7.3641
-5.47086 -7.3641   -5.35349 -7.43825
-5.47086 -7.3641   -5.51954 -7.36252
-5.35349 -7.43825   -5.46748 -7.4662
-5.35349 -7.43825   -5.3456 -7.55979
-5.51954 -7.36252   -5.51887 -7.30956
-5.51954 -7.36252   -5.58189 -7.29169
-5.51887 -7.30956   -5.18049 -7.41933
-5.58189 -7.29169   -5.48522 -7.2895
-5.58189 -7.29169   -5.71444 -7.3099
-5.73029 -7.34405   -5.83637 -7.49538
-5.83637 -7.49538   -5.82814 -7.16386
-5.83637 -7.49538   -5.85323 -7.42472
-5.83637 -7.49538   -5.68843 -7.34958
-5.83637 -7.49538   -5.98422 -7.35784
-5.83637 -7.49538   -6.07453 -7.2585
-5.85323 -7.42472   -5.62542 -7.32
-5.3456 -7.55979   -5.30437 -7.51717
-5.3456 -7.55979   -5.79623 -8.01341
-5.3456 -7.55979   -5.02812 -7.36783
-6.07453 -7.2585   -5.89764 -6.94235
-6.07453 -7.2585   -6.0425 -7.16129
-6.07453 -7.2585   -6.17665 -7.46805
-5.89764 -6.94235   -5.94098 -6.86572
-5.79623 -8.01341   -5.94474 -8.124
-5.94098 -6.86572   -5.70172 -6.79068
-5.94474 -8.124   -5.89767 -8.35842
-5.94474 -8.124   -5.52031 -8.50902
-6.0425 -7.16129   -6.01182 -7.19654
-5.89767 -8.35842   -5.88968 -7.97407
-5.89767 -8.35842   -6.13172 -8.44532
-5.52031 -8.50902   -5.77073 -8.16925
-6.17665 -7.46805   -6.06466 -7.59925
-6.13172 -8.44532   -6.10794 -8.45547
-6.13172 -8.44532   -6.444 -8.37564
-6.13172 -8.44532   -6.10541 -8.07363
-6.444 -8.37564   -6.54001 -8.40508
-5.8358 -5.18611   -5.39183 -5.55535
-5.8358 -5.18611   -5.95319 -4.85599
-5.8358 -5.18611   -5.98522 -5.15862
-5.8358 -5.18611   -5.8197 -5.21324
-5.39183 -5.55535   -5.50705 -5.46015
-5.30907 -5.26134   -4.9349 -5.58979
-3.97978 -3.51928   -4.11186 -3.40002
-3.97978 -3.51928   -3.83847 -3.54459
-4.11186 -3.40002   -4.04861 -3.21411
-4.11186 -3.40002   -4.3196 -3.29363
-2.48491 -2.038   -2.44834 -1.99255
-2.48491 -2.038   -2.51093 -2.01921
-2.44834 -1.99255   -2.37475 -1.95765
-2.44834 -1.99255   -2.46074 -2.03267
-2.50163 -1.20283   -2.53324 -1.22222
-2.50163 -1.20283   -2.66364 -1.45397
-2.50163 -1.20283   -2.46966 -1.23856
-2.50163 -1.20283   -2.53263 -1.21973
-2.50163 -1.20283   -2.70101 -1.33823
-2.50163 -1.20283   -2.4549 -1.24369
-2.50163 -1.20283   -2.534 -1.22521
-2.50163 -1.20283   -2.86055 -1.59529
-2.50163 -1.20283   -2.47661 -1.30175
-2.50163 -1.20283   -2.49497 -1.2346
-2.50163 -1.20283   -2.55129 -1.21925
-2.50163 -1.20283   -2.45667 -1.29871
-2.50163 -1.20283   -2.50382 -1.23261
-2.37475 -1.95765   -2.22027 -1.71339
-2.37475 -1.95765   -2.19891 -1.93203
-2.37475 -1.95765   -2.40615 -2.28494
-2.22027 -1.71339   -2.22248 -1.61397
-2.22248 -1.61397   -2.3036 -1.62176
-2.22248 -1.61397   -2.21079 -1.63868
-2.22248 -1.61397   -2.25877 -1.60279
-2.25877 -1.60279   -2.20969 -1.42038
-2.20969 -1.42038   -2.42378 -1.62183
-2.20969 -1.42038   -2.31711 -1.45992
-2.20969 -1.42038   -2.29584 -1.3696
-2.20969 -1.42038   -2.24034 -1.38855
-2.20969 -1.42038   -2.18094 -1.38152
-2.29584 -1.3696   -2.248 -1.38366
-2.29584 -1.3696   -2.40727 -1.25823
-2.24034 -1.38855   -2.1892 -1.4556
-2.40727 -1.25823   -2.59345 -1.26844
-2.40727 -1.25823   -2.40353 -1.33012
-2.40727 -1.25823   -2.50163 -1.20283
-2.40727 -1.25823   -2.5959 -1.26247
-2.40727 -1.25823   -2.12279 -1.52943
-2.40727 -1.25823   -2.5991 -1.52798
-2.40727 -1.25823   -2.4049 -1.21362
-2.70101 -1.33823   -2.71619 -1.42506
-2.70101 -1.33823   -2.79605 -1.54884
-2.86055 -1.59529   -2.75248 -1.83774
-2.12279 -1.52943   -2.05721 -1.58739
-3.99917 2.21162   -3.80436 2.03107
-3.99917 2.21162   -4.0399 2.23985
-3.99917 2.21162   -4.08591 2.29033
-3.80436 2.03107   -3.51603 2.16602
-3.81867 2.57737   -3.82827 2.7503
-3.82827 2.7503   -3.67255 2.68213
-3.51603 2.16602   -3.81867 2.57737
-3.51603 2.16602   -3.52192 2.44292
-3.51603 2.16602   -3.56147 1.98679
-3.67255 2.68213   -3.55376 2.55624
-3.67255 2.68213   -3.75424 2.45609
-3.67255 2.68213   -3.74842 2.69318
-3.67255 2.68213   -3.74994 2.40932
-3.55376 2.55624   -3.67126 2.43013
-3.55376 2.55624   -3.46579 2.54821
-3.67126 2.43013   -3.62548 2.443
-3.46579 2.54821   -3.42952 2.54909
-3.42952 2.54909   -3.45662 2.43894
-3.42952 2.54909   -3.738 2.52539
-3.42952 2.54909   -3.4386 2.50725
-3.42952 2.54909   -3.30642 2.57803
-3.74994 2.40932   -3.67881 2.45294
-3.30642 2.57803   -3.42233 2.46699
-3.30642 2.57803   -3.5978 2.84096
-3.30642 2.57803   -3.3097 2.86547
-3.5978 2.84096   -3.8778 3.2306
-3.3097 2.86547   -3.26297 2.79499
-3.3097 2.86547   -3.5113 3.22891
-3.26297 2.79499   -3.47338 2.7035
-3.26297 2.79499   -3.08805 2.57583
-3.08805 2.57583   -2.89209 2.74871
-4.11927 2.69713   -4.05999 3.03711
-1.5224 4.30045   -1.37812 4.50958
-1.5224 4.30045   -1.72329 4.43647
-1.37812 4.50958   -1.31605 4.42364
-1.37812 4.50958   -1.46423 4.44783
-1.37812 4.50958   -1.21928 4.38537
-1.37812 4.50958   -1.43783 4.60511
-2.02183 3.86735   -1.84327 3.91793
-2.02183 3.86735   -2.2786 3.94403
-1.84327 3.91793   -1.5224 4.30045
-1.72329 4.43647   -1.69962 4.32398
-1.31605 4.42364   -0.982169 3.94446
-0.982169 3.94446   -1.18106 3.65362
-1.43783 4.60511   -1.25782 4.57614
-1.43783 4.60511   -1.1513 4.94905
-1.1513 4.94905   -1.26434 4.82411
-1.1513 4.94905   -1.02037 4.69873
-1.1513 4.94905   -1.52392 4.72656
-1.1513 4.94905   -1.37364 4.70599
-1.1513 4.94905   -1.13337 4.65675
-1.1513 4.94905   -1.20631 4.86154
-2.96385 3.50077   -2.46544 3.24122
-2.96385 3.50077   -3.15589 3.58371
-2.46544 3.24122   -2.04068 3.62585
-2.89209 2.74871   -2.9122 2.63766
-2.9122 2.63766   -2.75094 2.5563
-2.04068 3.62585   -2.28524 3.6063
-2.04068 3.62585   -2.01631 3.44478
-2.04068 3.62585   -2.38924 3.70933
-2.01631 3.44478   -2.10187 3.4722
-2.01631 3.44478   -1.5605 3.26895
-2.38924 3.70933   -2.02183 3.86735
-2.2786 3.94403   -2.43459 4.00416
-1.5605 3.26895   -1.2169 3.10695
-1.2169 3.10695   -1.3791 3.05277
-1.2169 3.10695   -1.35864 3.05984
-3.29882 3.75834   -3.39257 3.76093
-3.5113 3.22891   -3.24334 3.47613
-3.5113 3.22891   -3.44973 3.4177
-3.24334 3.47613   -3.20074 3.47507
-3.20074 3.47507   -2.96385 3.50077
-3.20074 3.47507   -3.1809 3.53998
-3.15589 3.58371   -3.29882 3.75834
-3.45729 0.171559   -3.53294 0.249294
-3.45729 0.171559   -3.38131 0.342885
-3.45729 0.171559   -3.55559 -0.125486
-3.53294 0.249294   -3.57663 0.281378
-3.70228 0.373326   -3.45729 0.171559
-3.70228 0.373326   -4.16999 0.568658
-3.70228 0.373326   -3.84669 0.187477
-3.70228 0.373326   -3.71427 0.613575
-3.70228 0.373326   -4.19781 0.0383561
-3.38131 0.342885   -3.35294 0.3192
-3.35294 0.3192   -3.00804 0.663983
-3.00804 0.663983   -3.10627 0.756137
-3.00804 0.663983   -2.99623 0.469621
-3.00804 0.663983   -3.01607 0.697624
-2.99623 0.469621   -2.99946 0.503045
-2.99623 0.469621   -3.33642 0.72549
-2.99623 0.469621   -3.07628 0.35377
-3.01607 0.697624   -3.06157 0.678965
-3.01607 0.697624   -3.1215 0.794725
-3.33642 0.72549   -3.36939 0.71571
-3.55559 -0.125486   -3.44964 -0.0435597
-3.55559 -0.125486   -3.66051 0.0190003
-2.40615 -2.28494   -2.81236 -2.60534
-2.40615 -2.28494   -2.09089 -2.12019
-2.81236 -2.60534   -2.82717 -2.55589
-3.23629 -2.14263   -2.90096 -2.43239
-2.90096 -2.43239   -2.48491 -2.038
-2.09089 -2.12019   -1.7566 -2.403
-2.04177 -2.53166   -2.37663 -2.561
-2.04177 -2.53166   -1.78701 -2.5515
-2.37663 -2.561   -2.63787 -2.68496
-2.37663 -2.561   -2.32799 -2.59876
-2.63787 -2.68496   -2.86535 -2.83294
-3.90777 -3.84146   -4.01711 -3.53799
-4.01711 -3.53799   -3.97978 -3.51928
-4.01711 -3.53799   -4.16293 -3.84869
-3.83847 -3.54459   -3.90501 -3.50748
-4.04861 -3.21411   -3.99317 -3.19074
-4.04861 -3.21411   -3.9333 -3.32661
-4.04861 -3.21411   -3.77209 -3.43494
-4.04861 -3.21411   -3.95075 -2.95891
-3.99317 -3.19074   -3.93703 -3.27554
-3.99317 -3.19074   -3.90578 -3.17472
-3.90578 -3.17472   -3.95878 -3.11285
-3.95878 -3.11285   -3.92701 -3.13487
-3.95878 -3.11285   -3.68749 -3.02548
-3.68749 -3.02548   -3.72336 -3.02529
-3.68749 -3.02548   -3.74152 -3.10542
-3.68749 -3.02548   -3.86954 -3.05522
-3.72336 -3.02529   -3.72159 -3.21193
-3.72336 -3.02529   -3.58232 -3.12367
-3.58232 -3.12367   -3.58915 -3.1619
-3.58232 -3.12367   -3.54377 -3.46147
-3.58232 -3.12367   -3.59473 -3.09029
-3.58232 -3.12367   -3.41057 -2.88567
-3.95075 -2.95891   -4.08479 -2.93626
-3.54377 -3.46147   -3.59107 -3.4662
-3.54377 -3.46147   -3.54374 -3.56727
-4.08479 -2.93626   -4.12881 -3.10218
-4.08479 -2.93626   -4.25136 -2.96541
-3.41057 -2.88567   -3.73933 -2.97038
-3.41057 -2.88567   -3.45089 -2.77938
-3.41057 -2.88567   -3.14943 -2.79209
-3.54374 -3.56727   -3.39347 -3.45124
-3.39347 -3.45124   -3.34313 -3.44439
-5.37834 -2.32405   -5.64169 -2.53309
-3.34313 -3.44439   -3.25514 -3.18443
-3.47758 -2.21236   -3.64865 -2.24175
-3.64865 -2.24175   -3.90392 -2.11145
-3.64865 -2.24175   -3.61794 -2.27043
-3.64865 -2.24175   -3.27291 -2.15761
-3.64865 -2.24175   -3.41852 -2.37565
-3.64865 -2.24175   -3.43115 -2.21531
-4.25821 -1.12528   -4.20894 -0.940754
-4.20894 -0.940754   -4.02585 -1.07459
-4.20894 -0.940754   -4.03806 -1.1286
-4.20894 -0.940754   -4.27326 -0.897096
-4.17792 -1.10152   -4.25821 -1.12528
-4.17792 -1.10152   -4.08855 -1.13775
-4.17792 -1.10152   -4.04752 -1.28569
-4.15851 -1.61646   -4.32837 -1.41508
-4.32837 -1.41508   -4.34865 -1.36555
-4.34865 -1.36555   -4.33978 -1.3216
-4.33978 -1.3216   -4.25905 -1.27035
-4.33978 -1.3216   -4.56811 -1.73365
-4.25905 -1.27035   -4.23249 -1.15588
-4.23249 -1.15588   -4.17792 -1.10152
-4.02585 -1.07459   -3.59612 -1.17152
-4.03806 -1.1286   -3.86039 -0.710557
-4.27326 -0.897096   -4.1418 -0.952216
-4.27326 -0.897096   -4.30031 -0.901864
-4.30031 -0.901864   -4.21675 -0.628916
-4.21675 -0.628916   -4.12749 -0.686234
-4.21675 -0.628916   -4.29285 -1.01843
-4.21675 -0.628916   -4.32746 -0.427044
-4.12749 -0.686234   -4.19706 -0.744978
-4.4268 -0.2103   -4.36498 -0.619034
-4.4268 -0.2103   -4.03127 0.18186
-4.4268 -0.2103   -4.09346 -0.403097
-4.4268 -0.2103   -4.33261 -0.24033
-4.36498 -0.619034   -4.23546 -0.457091
-4.36498 -0.619034   -4.38485 -0.603909
-3.59612 -1.17152   -3.6256 -1.09243
-3.59612 -1.17152   -3.35339 -1.32417
-4.59489 0.781259   -4.68452 0.860417
-4.68452 0.860417   -4.8296 0.565325
-4.68452 0.860417   -4.56146 0.61865
-4.68452 0.860417   -4.33615 0.746303
-4.68452 0.860417   -4.66663 0.710476
-4.68452 0.860417   -5.09783 1.28409
-6.25983 2.29514   -6.55279 2.65
-6.25983 2.29514   -6.29716 2.25054
-6.25983 2.29514   -6.2178 2.29383
-6.25983 2.29514   -6.22382 2.13549
-6.55279 2.65   -6.45677 2.744
-6.55279 2.65   -6.68116 2.55062
-5.54403 2.23775   -5.98019 2.24819
-5.54403 2.23775   -5.48673 2.22739
-5.54403 2.23775   -5.58812 2.22766
-5.98019 2.24819   -6.25983 2.29514
-6.68116 2.55062   -6.63821 2.37503
-6.63821 2.37503   -6.75097 2.47372
-6.75097 2.47372   -6.36976 2.10783
-6.75097 2.47372   -6.88774 2.33471
-6.75097 2.47372   -6.73501 2.42964
-6.88774 2.33471   -6.94553 2.29725
-6.94553 2.29725   -7.02232 2.22463
-7.02232 2.22463   -7.11875 2.19813
-7.11875 2.19813   -6.90526 2.40014
-7.11875 2.19813   -7.14904 2.20773
-7.14904 2.20773   -7.16358 2.19697
-7.16358 2.19697   -7.17635 2.47898
-7.38728 1.16601   -7.75914 1.44627
-7.38728 1.16601   -7.22181 0.794933
-7.38728 1.16601   -7.4703 0.754716
-7.38728 1.16601   -7.32274 1.08089
-7.75914 1.44627   -7.88287 1.32644
-6.17726 5.03498   -6.31564 5.18784
-6.17726 5.03498   -6.1061 5.00582
-6.31564 5.18784   -6.18948 5.00547
-6.31564 5.18784   -6.49906 4.98842
-6.31564 5.18784   -6.47422 5.12454
-6.0975 6.02822   -6.14391 6.09781
-6.0975 6.02822   -6.32353 6.06876
-6.63461 5.75293   -6.26157 6.03235
-6.26157 6.03235   -6.38997 6.0776
-6.26157 6.03235   -6.0975 6.02822
-6.38997 6.0776   -6.77886 6.18493
-6.38997 6.0776   -6.65074 5.77762
-6.77886 6.18493   -6.73697 6.43071
-6.77886 6.18493   -6.83489 6.07724
-6.32114 5.50238   -5.97797 5.85262
-6.32114 5.50238   -6.24242 5.40096
-5.97797 5.85262   -5.90899 5.78629
-5.90899 5.78629   -6.27096 6.03138
-5.90899 5.78629   -6.07543 5.53645
-5.90899 5.78629   -6.0074 5.77216
-5.90899 5.78629   -5.82649 5.78179
-6.0074 5.77216   -6.12112 5.73334
-6.83895 6.09489   -6.4825 6.33374
-5.82649 5.78179   -5.69175 5.63338
-6.61804 6.86618   -6.37054 6.56626
-6.61804 6.86618   -6.5885 6.8943
-5.69175 5.63338   -5.61937 5.77149
-5.61937 5.77149   -5.34161 5.54948
-5.61937 5.77149   -5.68651 5.38441
-6.5885 6.8943   -6.36495 6.57711
-6.5885 6.8943   -6.50618 6.56365
-6.5885 6.8943   -6.59975 6.84479
-6.5885 6.8943   -6.56653 6.83982
-5.34161 5.54948   -5.29921 5.33179
-5.34161 5.54948   -5.6857 5.34273
-5.29921 5.33179   -5.45519 5.23541
-6.50618 6.56365   -6.45017 6.51718
-6.97653 4.24873   -6.75529 4.46528
-6.75529 4.46528   -6.87324 4.69675
-6.75529 4.46528   -6.72783 4.38684
-6.87324 4.69675   -6.79201 4.63953
-6.87324 4.69675   -6.86697 4.77124
-6.86697 4.77124   -6.54035 4.73444
-6.86697 4.77124   -6.94695 4.68702
-6.54035 4.73444   -6.17726 5.03498
-6.1061 5.00582   -6.14067 4.97077
-6.1061 5.00582   -6.21693 4.91811
-6.1061 5.00582   -5.9696 4.81016
-6.1061 5.00582   -5.87623 4.67702
-5.9696 4.81016   -5.93782 4.84712
-5.93782 4.84712   -5.99802 4.68996
-6.94695 4.68702   -6.65343 4.49126
-5.87623 4.67702   -5.92257 4.7997
-7.09074 5.17151   -6.84584 4.92229
-7.09074 5.17151   -6.86955 4.84248
-7.09074 5.17151   -6.74504 5.26776
-7.09074 5.17151   -7.22399 5.23701
-6.65343 4.49126   -6.61145 4.49094
-6.73697 6.43071   -6.933 6.88074
-6.73697 6.43071   -6.83895 6.09489
-6.933 6.88074   -6.67362 6.4921
-6.933 6.88074   -6.89555 6.81161
-6.933 6.88074   -6.75007 6.98206
-6.933 6.88074   -6.64032 6.87619
-6.933 6.88074   -6.95842 6.84178
-6.933 6.88074   -6.9959 6.879
-6.75007 6.98206   -6.61804 6.86618
-6.75007 6.98206   -6.73111 7.1648
-6.95842 6.84178   -6.89723 6.90447
-6.95842 6.84178   -6.8669 6.81815
-6.89723 6.90447   -6.87732 6.94516
-6.87732 6.94516   -6.90501 6.91943
-6.9959 6.879   -7.06221 6.83863
-7.06221 6.83863   -7.01876 6.87858
-7.06221 6.83863   -6.77685 7.12599
-7.06221 6.83863   -7.10409 6.79275
-6.73111 7.1648   -6.98196 7.17859
-7.10409 6.79275   -7.01312 6.92432
-6.98196 7.17859   -6.88772 7.08916
-6.65074 5.77762   -6.91831 5.41173
-6.47422 5.12454   -6.739 5.41956
-6.47422 5.12454   -6.44048 5.24707
-6.739 5.41956   -6.39564 5.41337
-6.39564 5.41337   -6.6342 5.62883
-6.39564 5.41337   -6.31748 5.3722
-6.6342 5.62883   -6.62508 5.7057
-6.62508 5.7057   -6.32114 5.50238
-6.62508 5.7057   -6.88911 5.33013
-6.62508 5.7057   -6.63461 5.75293
-6.88911 5.33013   -7.09074 5.17151
-6.88911 5.33013   -6.91795 5.33776
-7.46567 4.06508   -7.45771 3.92266
-7.46567 4.06508   -7.37244 4.13335
-7.46567 4.06508   -7.29315 4.24476
-7.46567 4.06508   -7.36917 4.11646
-7.46567 4.06508   -7.11955 3.70787
-7.45771 3.92266   -7.34629 3.85792
-7.45771 3.92266   -7.45049 3.96902
-7.45771 3.92266   -7.53271 4.10158
-7.45771 3.92266   -7.66933 4.17
-6.73564 3.66424   -6.87519 3.75351
-6.73564 3.66424   -6.72037 3.66166
-6.87519 3.75351   -6.85769 4.04546
-6.87519 3.75351   -6.48624 3.50354
-6.87519 3.75351   -6.83743 3.66208
-6.85769 4.04546   -6.85458 4.07835
-6.85458 4.07835   -7.07268 4.01534
-6.85458 4.07835   -7.30229 4.19239
-6.85458 4.07835   -6.97653 4.24873
-7.07268 4.01534   -6.7934 3.67452
-7.30229 4.19239   -7.46567 4.06508
-7.29315 4.24476   -7.25381 4.26953
-7.29315 4.24476   -7.31194 4.26777
-7.34629 3.85792   -7.1449 4.06483
-7.25381 4.26953   -7.18356 4.35963
-6.54897 3.06921   -6.47668 3.24518
-6.47668 3.24518   -6.39833 3.25648
-6.47668 3.24518   -6.42013 3.0849
-6.47668 3.24518   -6.65393 3.49822
-6.47668 3.24518   -6.3804 3.19828
-6.45677 2.744   -6.5051 2.69369
-6.45677 2.744   -6.52064 2.8664
-6.52064 2.8664   -6.54379 3.00848
-6.54379 3.00848   -6.33389 2.71591
-6.54379 3.00848   -6.55902 3.06741
-6.55902 3.06741   -6.54897 3.06921
-6.55902 3.06741   -6.46938 3.01963
-6.55902 3.06741   -6.42886 2.87799
-6.39833 3.25648   -6.27177 3.01236
-6.65393 3.49822   -6.74197 3.57733
-6.65393 3.49822   -6.66668 3.5194
-6.74197 3.57733   -6.73564 3.66424
-6.72037 3.66166   -6.76447 3.75419
-6.76447 3.75419   -6.41903 3.7894
-4.29867 0.505821   -4.33005 0.418041
-4.29867 0.505821   -4.30591 0.431104
-4.16999 0.568658   -4.29867 0.505821
-4.16999 0.568658   -4.26312 0.536753
-4.16999 0.568658   -4.40859 0.678828
-4.16999 0.568658   -4.04563 0.312322
-4.16999 0.568658   -4.152 0.573024
-4.26312 0.536753   -4.21815 0.502949
-4.26312 0.536753   -4.41365 0.328876
-4.40859 0.678828   -4.63402 0.737721
-4.63402 0.737721   -4.60927 0.694277
-4.63402 0.737721   -4.59489 0.781259
-4.97182 0.0711327   -4.96353 0.369987
-4.97182 0.0711327   -4.69556 -0.0589861
-4.97182 0.0711327   -4.84473 0.157778
-4.97182 0.0711327   -4.76892 -0.0023289
-4.97182 0.0711327   -4.81503 -0.0504603
-4.97182 0.0711327   -4.91767 0.203658
-4.97182 0.0711327   -4.75028 -0.172671
-4.97182 0.0711327   -4.91679 0.107829
-4.97182 0.0711327   -5.05564 -0.0719535
-4.96353 0.369987   -4.81855 0.464435
-4.96353 0.369987   -4.72189 0.23064
-4.8296 0.565325   -4.89825 0.447236
-4.33615 0.746303   -4.52404 0.516731
-4.77295 2.16838   -4.66862 2.27583
-4.66862 2.27583   -4.40614 2.05811
-4.66862 2.27583   -4.67451 2.30754
-5.12025 1.64458   -5.1862 1.95196
-5.12025 1.64458   -5.37093 2.08002
-5.12025 1.64458   -5.17209 1.36095
-5.12025 1.64458   -5.14896 1.5529
-5.1862 1.95196   -5.2108 1.97387
-5.1862 1.95196   -5.19232 1.99313
-5.2108 1.97387   -5.26915 1.97666
-5.2108 1.97387   -4.88801 1.55103
-5.26915 1.97666   -5.59354 1.71311
-5.26915 1.97666   -5.30346 1.87974
-5.26915 1.97666   -5.34723 1.95188
-5.19232 1.99313   -5.11947 1.91499
-5.19232 1.99313   -4.8098 1.93392
-4.8098 1.93392   -4.50828 1.93036
-4.50828 1.93036   -4.74418 2.13394
-5.67592 2.10432   -5.54403 2.23775
-4.74418 2.13394   -4.79988 2.16613
-4.74418 2.13394   -4.68227 2.04123
-4.79988 2.16613   -5.19545 1.95914
-4.79988 2.16613   -4.77295 2.16838
-4.68227 2.04123   -4.66195 2.01151
-4.40614 2.05811   -4.28229 2.09386
-4.67451 2.30754   -4.62709 2.26703
-4.28229 2.09386   -4.13807 2.30252
-4.13807 2.30252   -3.99917 2.21162
-4.13807 2.30252   -4.08464 2.5025
-4.08464 2.5025   -4.17407 2.36968
-4.08464 2.5025   -4.04762 2.4627
-4.08464 2.5025   -4.10981 2.43321
-4.08464 2.5025   -4.0525 2.66229
-4.0525 2.66229   -4.41538 2.67104
-4.0525 2.66229   -4.0778 2.68121
-4.0525 2.66229   -4.50083 2.34593
-4.41538 2.67104   -4.41284 2.8085
-4.41538 2.67104   -4.19184 2.52361
-4.41538 2.67104   -4.06736 2.75786
-4.0778 2.68121   -4.11927 2.69713
-4.50083 2.34593   -4.73216 2.1329
-4.41284 2.8085   -4.42517 2.77929
-5.58812 2.22766   -5.54341 2.2347
-6.08113 1.31291   -5.82157 1.38754
-6.08113 1.31291   -6.12099 1.17327
-5.09783 1.28409   -5.03129 1.21235
-5.09783 1.28409   -5.04853 1.32017
-5.09783 1.28409   -4.9016 1.34409
-5.09783 1.28409   -5.12025 1.64458
-5.03129 1.21235   -5.18428 1.33006
-5.04853 1.32017   -5.13297 1.44129
-5.59354 1.71311   -6.08113 1.31291
-5.34723 1.95188   -5.67592 2.10432
-6.12099 1.17327   -5.94612 1.20776
-6.12099 1.17327   -6.30582 1.29556
-6.12099 1.17327   -6.08108 1.35975
-6.30582 1.29556   -6.48512 1.2248
-6.48512 1.2248   -6.52512 1.18008
-6.48512 1.2248   -6.37927 1.57317
-6.52512 1.18008   -6.95467 1.13462
-6.52512 1.18008   -6.51751 1.15125
-6.95467 1.13462   -7.05891 1.40995
-7.05891 1.40995   -7.23887 1.2193
-7.23887 1.2193   -7.1656 1.35462
-7.23887 1.2193   -7.28261 1.15932
-7.28261 1.15932   -7.14 1.22382
-7.28261 1.15932   -6.9367 1.30827
-7.28261 1.15932   -7.17744 1.11982
-7.28261 1.15932   -7.27603 1.13505
-7.27603 1.13505   -7.38728 1.16601
-7.22181 0.794933   -7.26392 0.928295
-7.22181 0.794933   -7.3841 0.953569
-7.22181 0.794933   -7.23201 0.840488
-7.4703 0.754716   -7.50523 0.781613
-7.50523 0.781613   -7.52266 0.512444
-4.09266 0.174851   -3.70228 0.373326
-4.03127 0.18186   -4.09266 0.174851
-4.152 0.573024   -4.179 0.536692
-4.152 0.573024   -4.18408 0.454599
-4.19781 0.0383561   -3.98118 0.252602
-4.50226 -0.22875   -4.61772 -0.123728
-4.61772 -0.123728   -4.40965 -0.249013
-4.61772 -0.123728   -4.97182 0.0711327
-4.32746 -0.427044   -4.32753 -0.448326
-4.32746 -0.427044   -4.4079 -0.421865
-4.4079 -0.421865   -4.48562 -0.278537
-4.48562 -0.278537   -4.4268 -0.2103
-4.48562 -0.278537   -4.50226 -0.22875
-4.41365 0.328876   -4.48452 0.291772
-4.75028 -0.172671   -4.58508 0.156422
-3.45089 -2.77938   -3.50307 -2.69668
-3.45089 -2.77938   -3.48623 -2.82111
-3.50307 -2.69668   -3.64968 -2.37769
-3.64968 -2.37769   -3.544 -2.7248
-3.64968 -2.37769   -3.6975 -2.4653
-3.64968 -2.37769   -3.47758 -2.21236
-3.14943 -2.79209   -3.341 -3.01277
-3.41852 -2.37565   -3.75714 -2.65752
-3.41852 -2.37565   -3.2024 -2.17568
-4.13948 -1.89866   -4.07587 -1.99856
-4.13948 -1.89866   -4.0964 -1.96591
-4.13948 -1.89866   -4.20192 -1.75787
-4.07587 -1.99856   -3.88318 -2.00776
-4.07587 -1.99856   -3.93405 -2.10403
-3.90392 -2.11145   -3.77124 -1.98608
-3.90392 -2.11145   -3.80338 -2.12354
-3.77124 -1.98608   -3.79016 -1.98124
-3.79016 -1.98124   -3.7562 -2.00266
-3.79016 -1.98124   -3.70023 -2.1698
-3.79016 -1.98124   -3.80902 -1.95496
-3.80902 -1.95496   -3.91657 -2.15167
-3.80902 -1.95496   -3.79256 -2.18295
-3.80902 -1.95496   -3.94766 -1.85769
-3.80902 -1.95496   -4.04169 -1.94894
-3.91657 -2.15167   -4.1055 -2.34032
-3.94766 -1.85769   -4.13948 -1.89866
-4.20192 -1.75787   -4.20713 -1.74034
-4.20713 -1.74034   -4.36375 -1.90722
-4.20713 -1.74034   -4.12253 -1.61485
-4.36375 -1.90722   -4.75911 -2.34999
-4.12253 -1.61485   -4.15851 -1.61646
-4.75911 -2.34999   -4.95759 -2.00089
-4.95759 -2.00089   -5.08489 -1.99767
-5.08489 -1.99767   -5.08432 -1.97862
-5.08432 -1.97862   -5.37834 -2.32405
-5.08432 -1.97862   -5.08898 -1.89969
-5.08898 -1.89969   -5.07159 -1.85048
-3.27291 -2.15761   -3.23629 -2.14263
-1.7566 -2.403   -2.04177 -2.53166
-1.7566 -2.403   -1.42806 -2.52043
5.28108 0.575101   5.28475 0.419602
5.28108 0.575101   5.20926 0.65117
5.26856 0.954437   5.29755 0.997057
5.26856 0.954437   5.35277 0.956576
5.29755 0.997057   5.32523 1.00049
5.43935 0.174704   5.42022 0.389144
5.43935 0.174704   5.13438 0.271028
5.42022 0.389144   5.28108 0.575101
5.42022 0.389144   5.76233 0.575591
5.42022 0.389144   5.37932 0.309595
5.42022 0.389144   5.39245 0.360609
4.79013 0.239126   5.23813 0.397569
5.20926 0.65117   5.26127 0.893351
5.20926 0.65117   5.0603 0.470362
5.26127 0.893351   5.05167 0.589985
5.26127 0.893351   5.12052 0.949792
5.12052 0.949792   5.26856 0.954437
5.12052 0.949792   5.24347 0.950041
5.12052 0.949792   5.09916 0.961854
5.32523 1.00049   5.40286 0.766749
5.32523 1.00049   5.56601 1.08689
5.56601 1.08689   5.58921 1.18134
5.58921 1.18134   5.61175 1.18717
5.58921 1.18134   5.63453 1.09924
5.61175 1.18717   5.94038 0.987305
5.61175 1.18717   5.88806 1.02576
5.94038 0.987305   5.93755 1.07365
5.94038 0.987305   5.98428 1.07775
5.76233 0.575591   5.72084 0.574549
5.35277 0.956576   5.42176 0.576914
6.00653 1.43022   6.25592 1.5637
6.00653 1.43022   5.87837 1.188
6.00653 1.43022   5.88768 1.58933
6.00653 1.43022   5.84928 1.45261
6.25592 1.5637   6.05869 1.69601
6.25592 1.5637   6.17799 1.47745
6.25592 1.5637   6.29577 1.53387
7.79191 1.90836   7.957 1.95603
7.79191 1.90836   7.8911 1.69219
7.79191 1.90836   7.75277 1.86054
7.957 1.95603   7.82569 2.12087
7.957 1.95603   7.86584 1.81944
7.37028 1.44382   7.56522 1.6264
7.56522 1.6264   7.64274 1.72515
7.64274 1.72515   7.7857 1.8734
7.64274 1.72515   7.39562 1.6092
7.7857 1.8734   7.82846 1.81978
7.7857 1.8734   7.79191 1.90836
7.82569 2.12087   7.84699 1.993
7.82569 2.12087   7.70037 2.08257
7.82569 2.12087   7.42504 2.5027
7.70037 2.08257   7.43197 1.68539
7.42504 2.5027   7.32338 2.62541
7.32338 2.62541   7.54051 2.56356
7.32338 2.62541   7.38436 2.81099
7.32338 2.62541   7.41167 2.84905
5.93755 1.07365   5.78307 1.46355
5.78307 1.46355   5.86439 1.43466
5.86439 1.43466   6.0434 1.57058
5.86439 1.43466   5.75299 1.68161
5.7815 1.69281   6.00653 1.43022
5.6534 1.75778   6.149 1.4669
5.6534 1.75778   5.91439 1.49376
5.6534 1.75778   5.71245 1.55791
5.6534 1.75778   5.64554 1.71357
5.6534 1.75778   5.62317 1.57881
5.6534 1.75778   5.57426 1.77169
6.05869 1.69601   6.06476 1.53235
6.05869 1.69601   6.17717 1.53227
6.29577 1.53387   6.15327 1.72339
6.29577 1.53387   6.42826 1.4163
6.15327 1.72339   6.15756 1.44158
6.42826 1.4163   6.03723 1.18282
6.42826 1.4163   6.65927 1.57828
6.65927 1.57828   6.28722 1.3456
6.65927 1.57828   6.68416 1.54032
6.65927 1.57828   6.63273 1.51475
6.65927 1.57828   6.74969 1.69083
7.20932 3.17246   7.17126 3.36479
7.17126 3.36479   7.22604 3.2746
7.17126 3.36479   7.44799 3.31898
7.17126 3.36479   7.33749 3.2505
7.17126 3.36479   7.34016 3.29393
7.17126 3.36479   7.43067 3.63983
7.17126 3.36479   7.28767 3.46363
7.24838 3.63515   7.208 3.52814
7.38436 2.81099   7.20932 3.17246
7.22604 3.2746   7.23157 3.10157
7.43067 3.63983   7.40344 3.72178
7.40344 3.72178   7.44354 3.71529
7.40344 3.72178   7.71892 3.58465
7.40344 3.72178   7.47171 3.79621
7.44354 3.71529   7.66012 3.62061
7.44354 3.71529   7.483 3.73251
7.71892 3.58465   7.63408 3.72057
7.47171 3.79621   7.54361 3.69713
7.47171 3.79621   7.43543 3.81294
7.43543 3.81294   7.24838 3.63515
7.43543 3.81294   7.36852 3.89686
7.63408 3.72057   7.77904 3.39949
7.36852 3.89686   7.40494 3.87468
7.36852 3.89686   7.61289 4.05051
7.61289 4.05051   7.65749 4.14381
7.65749 4.14381   7.74636 4.1443
7.65749 4.14381   7.47301 4.43697
7.47301 4.43697   7.31038 4.25402
7.47301 4.43697   7.30624 4.44996
7.47301 4.43697   7.49385 4.66746
7.74636 4.1443   7.76135 4.02654
7.72177 6.04423   7.71425 6.3676
7.72177 6.04423   7.50734 5.84055
7.71425 6.3676   7.97218 6.14974
7.71425 6.3676   7.82445 6.24559
7.71425 6.3676   8.04043 6.14933
7.71425 6.3676   7.67676 6.29822
7.71425 6.3676   7.55397 6.48526
7.76209 5.39574   7.99204 5.7001
7.76209 5.39574   8.09207 5.28742
7.99204 5.7001   7.66732 5.93909
7.99204 5.7001   7.97143 5.78019
7.66732 5.93909   7.69746 5.92255
7.66732 5.93909   7.67763 5.94049
7.67763 5.94049   7.72177 6.04423
7.50734 5.84055   7.5041 6.04571
7.49385 4.66746   7.35393 4.98852
7.35393 4.98852   7.33465 5.00842
7.30624 4.44996   7.43775 4.28127
7.30624 4.44996   6.98113 4.76435
6.98113 4.76435   7.06902 4.90628
7.06902 4.90628   6.96779 4.90227
7.33465 5.00842   7.71562 5.36254
6.96779 4.90227   7.00678 4.75567
6.96779 4.90227   7.01728 4.88208
7.71562 5.36254   7.76209 5.39574
7.14168 0.961074   6.9956 1.20034
7.14168 0.961074   7.31991 1.00679
6.68416 1.54032   6.53489 1.60938
6.68416 1.54032   6.85124 1.45639
6.85124 1.45639   7.16176 1.14774
7.16176 1.14774   7.37028 1.44382
7.16176 1.14774   7.14168 0.961074
7.39562 1.6092   7.88593 1.23691
6.74969 1.69083   6.84152 1.49779
6.74969 1.69083   6.62053 1.71509
4.97757 0.218438   4.64236 0.171692
4.97757 0.218438   4.96362 0.206028
4.97757 0.218438   5.25688 0.0103193
4.97757 0.218438   5.11033 -0.147688
4.64236 0.171692   4.79013 0.239126
4.64236 0.171692   4.67891 0.188401
4.64236 0.171692   4.62972 0.221457
4.64236 0.171692   4.64614 -0.134958
4.88101 0.0279719   4.97757 0.218438
5.13438 0.271028   4.94276 0.139329
5.13438 0.271028   5.31873 0.12314
4.62972 0.221457   4.67046 0.211374
4.62972 0.221457   4.60986 0.202447
4.62972 0.221457   4.94069 0.140272
4.62972 0.221457   4.86122 -0.0590954
4.60986 0.202447   4.59835 0.30916
5.57426 1.77169   5.47068 1.85108
5.47068 1.85108   5.82954 1.6361
5.47068 1.85108   5.2906 1.7795
5.47068 1.85108   5.16655 2.01134
5.75299 1.68161   5.77951 1.67324
5.75299 1.68161   5.7815 1.69281
5.75299 1.68161   5.6534 1.75778
5.16655 2.01134   5.05187 1.97399
5.16655 2.01134   5.15371 2.03628
5.15371 2.03628   5.13193 2.08234
5.13193 2.08234   5.21804 1.97193
5.13193 2.08234   5.09919 2.11395
5.09919 2.11395   5.24983 2.3441
5.09919 2.11395   5.00508 2.16762
5.24983 2.3441   5.21275 2.06271
5.24983 2.3441   5.30979 2.42299
5.30979 2.42299   5.4957 2.2419
5.00508 2.16762   4.97574 2.08249
5.00508 2.16762   4.86918 2.37687
4.86918 2.37687   4.91026 2.36046
4.86918 2.37687   5.29963 2.04285
4.86918 2.37687   4.86059 2.33327
4.86918 2.37687   4.95645 2.32116
4.86918 2.37687   5.02521 1.99823
4.86918 2.37687   5.27292 2.03375
7.55397 6.48526   7.51846 6.44109
7.55397 6.48526   7.41012 6.57772
7.41012 6.57772   7.37048 6.90458
-1.42806 -2.52043   -1.18536 -2.39233
-0.995474 -2.45379   -1.26125 -2.63807
-0.995474 -2.45379   -1.11493 -2.54506
-0.995474 -2.45379   -1.23477 -2.1124
-0.963377 -2.50488   -1.15888 -2.69824
-0.963377 -2.50488   -1.00393 -2.63841
-0.963377 -2.50488   -0.746891 -2.98416
-1.15888 -2.69824   -1.27475 -2.91005
1.28817 -1.63961   1.27075 -1.58198
1.27075 -1.58198   1.24152 -1.62861
1.27075 -1.58198   1.45293 -1.41241
1.27075 -1.58198   1.01844 -1.58448
1.45293 -1.41241   1.30738 -1.54287
1.45293 -1.41241   1.54939 -1.35796
1.01844 -1.58448   1.11649 -1.49504
1.54939 -1.35796   1.54984 -1.37732
1.54939 -1.35796   1.59697 -1.40324
1.54939 -1.35796   1.52383 -1.42658
1.54939 -1.35796   1.50733 -1.38713
1.54939 -1.35796   1.62989 -1.5161
1.54939 -1.35796   1.56531 -1.8237
1.11649 -1.49504   1.10237 -1.51385
1.11649 -1.49504   1.15021 -1.53087
1.11649 -1.49504   1.10302 -1.82332
-0.888724 -1.82493   -0.898241 -1.76547
-0.888724 -1.82493   -1.33664 -2.07954
-0.888724 -1.82493   -0.945938 -1.98235
-0.888724 -1.82493   -1.17113 -1.70516
-0.898241 -1.76547   -0.807521 -1.6804
-0.898241 -1.76547   -1.15135 -1.76041
-1.18536 -2.39233   -0.999957 -2.48787
-1.18536 -2.39233   -1.00889 -2.56761
-0.999957 -2.48787   -1.07909 -2.56609
-0.999957 -2.48787   -0.995474 -2.45379
-0.999957 -2.48787   -0.963377 -2.50488
-0.999957 -2.48787   -0.912286 -2.56802
-1.23477 -2.1124   -1.15476 -2.0791
-1.15476 -2.0791   -0.965929 -2.01578
-0.965929 -2.01578   -0.978924 -1.97669
-0.978924 -1.97669   -0.985972 -1.96506
-0.985972 -1.96506   -1.1011 -1.99464
-0.985972 -1.96506   -1.13333 -2.07059
-0.985972 -1.96506   -0.931179 -1.95752
-1.1011 -1.99464   -0.940618 -2.18206
-0.931179 -1.95752   -0.888724 -1.82493
-0.931179 -1.95752   -1.17124 -2.10735
-1.17113 -1.70516   -1.29132 -1.72983
-1.17113 -1.70516   -1.08621 -1.63465
-1.29132 -1.72983   -1.26349 -1.71703
-1.29132 -1.72983   -1.1921 -1.70856
-1.29132 -1.72983   -1.20573 -1.69909
-0.807521 -1.6804   -1.02507 -1.79213
-0.807521 -1.6804   -0.964855 -1.59049
-0.964855 -1.59049   -0.719114 -1.49641
-0.719114 -1.49641   -0.676672 -1.47022
-0.676672 -1.47022   -0.798223 -1.40575
-0.798223 -1.40575   -0.904455 -1.12071
-0.904455 -1.12071   -0.994738 -1.16446
-3.70166 -4.94438   -3.43422 -4.79164
-3.70166 -4.94438   -3.50808 -5.03365
-3.43422 -4.79164   -3.44833 -4.92369
-3.43422 -4.79164   -3.45918 -4.47536
-3.43422 -4.79164   -3.44516 -4.68395
-2.3683 -5.47594   -2.45145 -5.58404
-2.3683 -5.47594   -2.51623 -5.42809
-2.3683 -5.47594   -2.06478 -5.82921
-2.3683 -5.47594   -2.42047 -5.56264
-2.96168 -5.32556   -2.95461 -5.31651
-2.96168 -5.32556   -3.42751 -5.21503
-2.95461 -5.31651   -2.95961 -5.33281
-2.95461 -5.31651   -2.92299 -5.18872
-3.26007 -5.08808   -2.96168 -5.32556
-2.92299 -5.18872   -2.82396 -5.08232
-2.82396 -5.08232   -2.9145 -5.27455
-2.82396 -5.08232   -2.87648 -5.02555
-2.82396 -5.08232   -2.72589 -4.83767
-2.82396 -5.08232   -2.3683 -5.47594
-2.82396 -5.08232   -3.29473 -5.36797
-2.87648 -5.02555   -2.90691 -5.04869
-3.26975 -6.67685   -3.30016 -6.40455
-0.119381 -6.63916   0.0565006 -6.82643
-0.119381 -6.63916   -0.399953 -6.79674
0.0565006 -6.82643   0.050093 -6.85734
0.0565006 -6.82643   -0.212719 -7.05671
0.0565006 -6.82643   -0.0439437 -6.70553
0.0565006 -6.82643   0.0941027 -6.69764
-0.275485 -7.07893   -0.545526 -7.27791
-0.545526 -7.27791   -0.516333 -7.20493
-0.545526 -7.27791   -0.477301 -6.99927
-0.545526 -7.27791   -0.43336 -7.63204
-0.545526 -7.27791   -0.956924 -6.90954
-0.545526 -7.27791   -0.60907 -7.22842
-0.399953 -6.79674   -0.275485 -7.07893
-0.399953 -6.79674   -0.0520895 -6.41715
-0.477301 -6.99927   -0.214425 -7.28716
0.050093 -6.85734   -0.0964034 -6.95846
0.050093 -6.85734   0.3179 -6.98624
0.050093 -6.85734   0.118484 -6.64368
-0.43336 -7.63204   -0.291541 -7.2075
-0.43336 -7.63204   -0.26764 -7.62126
-0.43336 -7.63204   -0.255132 -7.4715
-0.43336 -7.63204   -0.392095 -7.37825
-0.43336 -7.63204   -0.76615 -7.33792
-0.43336 -7.63204   -0.11533 -8.04958
-0.26764 -7.62126   -0.228082 -7.60429
-0.956924 -6.90954   -0.968039 -7.0179
-0.76615 -7.33792   -0.716882 -7.63698
-0.716882 -7.63698   -1.05475 -7.56646
-1.05475 -7.56646   -1.05146 -7.52361
-1.05475 -7.56646   -1.08719 -7.66221
-0.456342 -8.28363   -0.440398 -7.97625
0.657763 -7.20695   0.958039 -6.78011
0.657763 -7.20695   0.678631 -7.37864
0.958039 -6.78011   1.18721 -7.01461
0.958039 -6.78011   1.32424 -6.61558
0.3179 -6.98624   0.287169 -6.99298
0.3179 -6.98624   0.419943 -7.02469
0.419943 -7.02469   0.657763 -7.20695
0.678631 -7.37864   0.59045 -7.29382
0.678631 -7.37864   0.660215 -7.3634
1.18721 -7.01461   1.49673 -7.39218
1.49673 -7.39218   1.52058 -7.2362
-0.0838459 -8.26131   0.13882 -8.43201
-0.0838459 -8.26131   -0.0961531 -8.1987
0.13882 -8.43201   -0.146845 -8.41833
-0.11533 -8.04958   -0.151847 -8.03844
-0.11533 -8.04958   -0.0842866 -8.0802
-0.151847 -8.03844   -0.160035 -7.99153
-0.151847 -8.03844   -0.166246 -8.20778
-0.166246 -8.20778   -0.201723 -8.01448
-0.166246 -8.20778   -0.0838459 -8.26131
-0.0842866 -8.0802   0.226115 -7.99788
0.226115 -7.99788   0.243237 -7.97788
0.226115 -7.99788   0.196323 -8.03145
0.243237 -7.97788   0.00947667 -8.15995
-0.146845 -8.41833   0.134585 -8.64833
-0.146845 -8.41833   -0.121376 -8.43856
0.134585 -8.64833   0.00798802 -8.60494
0.134585 -8.64833   -0.153545 -8.66965
0.134585 -8.64833   -0.301977 -8.91665
-0.153545 -8.66965   -0.151188 -8.64826
-0.153545 -8.66965   -0.24053 -8.75844
-0.24053 -8.75844   -0.154546 -8.58996
-0.24053 -8.75844   -0.407359 -8.45032
-0.24053 -8.75844   -0.406917 -8.56203
-0.407359 -8.45032   -0.456342 -8.28363
-0.301977 -8.91665   -0.190626 -8.77693
-0.301977 -8.91665   -0.408515 -8.90778
-0.301977 -8.91665   0.17223 -9.03576
-0.190626 -8.77693   -0.472634 -8.60802
-0.408515 -8.90778   -0.339979 -8.97561
0.17223 -9.03576   0.229584 -9.05277
0.229584 -9.05277   -0.00309864 -9.32041
-0.11473 -6.18318   -0.209222 -6.0915
-0.11473 -6.18318   -0.0179245 -6.38774
-0.11473 -6.18318   -0.296788 -6.34939
-0.209222 -6.0915   -0.374052 -6.20689
-0.209222 -6.0915   -0.0773462 -6.32706
-0.209222 -6.0915   -0.570916 -6.3793
-0.209222 -6.0915   -0.0273717 -5.79308
-0.748449 -5.9781   -0.441213 -6.06305
-0.441213 -6.06305   -0.362925 -6.16186
-0.441213 -6.06305   -0.144543 -6.16044
-0.362925 -6.16186   -0.11473 -6.18318
-0.0179245 -6.38774   -0.174941 -6.18636
-0.0179245 -6.38774   -0.0218226 -6.45175
-0.0179245 -6.38774   -0.0623403 -6.38246
-0.296788 -6.34939   -0.217757 -6.26418
-0.0218226 -6.45175   -0.169326 -6.13085
-0.0218226 -6.45175   -0.062696 -6.46979
-0.062696 -6.46979   -0.119381 -6.63916
-0.0439437 -6.70553   -0.176242 -6.64458
-0.0273717 -5.79308   -0.223935 -5.58193
-0.952267 -5.73518   -1.13342 -5.39374
-0.952267 -5.73518   -1.09904 -5.55953
-0.952267 -5.73518   -0.920317 -5.59829
-1.56707 -5.69592   -1.07119 -5.66183
-1.56707 -5.69592   -1.71774 -5.75004
-1.07119 -5.66183   -1.2018 -5.92752
-1.2018 -5.92752   -1.02547 -5.65973
-1.2018 -5.92752   -1.10135 -5.94804
-1.2018 -5.92752   -1.22504 -5.51135
-1.02547 -5.65973   -0.952267 -5.73518
-1.02547 -5.65973   -0.967549 -5.58465
-1.10135 -5.94804   -0.95299 -6.01531
-0.95299 -6.01531   -0.748449 -5.9781
-2.06478 -5.82921   -1.90427 -5.59048
-2.06478 -5.82921   -2.11294 -5.65543
-2.06478 -5.82921   -2.21467 -5.7628
-2.06478 -5.82921   -2.24129 -5.60974
-2.06478 -5.82921   -1.83505 -5.60468
-2.06478 -5.82921   -2.17641 -5.9125
-1.90427 -5.59048   -1.93948 -5.57754
-1.90427 -5.59048   -1.8602 -5.55885
-1.8602 -5.55885   -1.77791 -5.50926
-1.8602 -5.55885   -1.92777 -5.58779
-1.77791 -5.50926   -1.56707 -5.69592
-1.77791 -5.50926   -1.99234 -5.60807
-1.77791 -5.50926   -1.97341 -5.89872
-2.17641 -5.9125   -2.32229 -5.85093
-2.32229 -5.85093   -2.64165 -6.32899
-2.64165 -6.32899   -2.65795 -6.37774
-2.65795 -6.37774   -2.42686 -6.76582
0.782194 -3.36039   1.1882 -3.03038
1.1882 -3.03038   1.01128 -2.58706
1.1882 -3.03038   1.14143 -3.27091
2.13458 -2.15442   1.98034 -1.9408
2.13458 -2.15442   2.18934 -2.15231
1.98034 -1.9408   2.16772 -1.87742
1.12168 -2.08114   1.60103 -1.90742
1.12168 -2.08114   1.13988 -2.11806
1.12168 -2.08114   0.981635 -1.9125
1.60103 -1.90742   2.04158 -2.23085
1.60103 -1.90742   1.61966 -1.94819
1.60103 -1.90742   1.5443 -1.79014
2.04158 -2.23085   2.01216 -2.37449
2.04158 -2.23085   2.13458 -2.15442
2.01216 -2.37449   2.04827 -2.53259
1.61966 -1.94819   1.59785 -1.92253
1.5443 -1.79014   1.47822 -1.86687
1.5443 -1.79014   1.85347 -2.18951
1.5443 -1.79014   1.64416 -1.87396
1.5443 -1.79014   1.51378 -1.81443
1.5443 -1.79014   1.54978 -1.77416
1.64416 -1.87396   1.80438 -1.95973
2.04827 -2.53259   1.87478 -2.69024
2.04827 -2.53259   2.35965 -2.56582
2.18934 -2.15231   2.10601 -2.00707
2.18934 -2.15231   2.02384 -2.21285
1.87478 -2.69024   1.68459 -2.63634
1.87478 -2.69024   1.62125 -2.75571
2.16772 -1.87742   2.17094 -1.86612
2.17094 -1.86612   2.34884 -1.92174
2.35965 -2.56582   2.75039 -2.6535
1.54978 -1.77416   1.62941 -1.92605
1.54978 -1.77416   1.30771 -1.6458
2.34884 -1.92174   2.57966 -1.80715
1.30771 -1.6458   1.28817 -1.63961
2.7327 -2.8619   2.38804 -2.56131
2.7327 -2.8619   2.83479 -3.06303
2.78384 -3.16673   2.54571 -3.10768
2.78384 -3.16673   2.71285 -3.0524
2.78384 -3.16673   2.60523 -3.01184
2.78384 -3.16673   3.00821 -3.32127
0.638053 -3.64057   0.379594 -3.67547
0.638053 -3.64057   0.431051 -3.88637
0.379594 -3.67547   0.32849 -3.6807
0.431051 -3.88637   0.57449 -3.77282
0.051158 -3.36625   0.244443 -3.17188
0.051158 -3.36625   0.301572 -3.59496
0.244443 -3.17188   0.660587 -3.6187
0.244443 -3.17188   0.306806 -3.01476
0.244443 -3.17188   0.0554453 -2.96812
0.660587 -3.6187   0.638053 -3.64057
0.660587 -3.6187   0.645739 -3.54903
0.645739 -3.54903   0.64492 -3.28944
0.64492 -3.28944   0.606791 -3.25232
0.64492 -3.28944   0.782194 -3.36039
1.18478 -3.21931   1.04251 -3.37837
1.18478 -3.21931   0.821429 -2.77965
1.18478 -3.21931   1.06745 -3.326
1.18478 -3.21931   1.18215 -2.98415
1.04251 -3.37837   1.05831 -3.41477
0.32849 -3.6807   0.408892 -3.59594
1.05831 -3.41477   1.22091 -3.42494
0.408892 -3.59594   0.340416 -3.59403
1.36449 -3.43371   1.36061 -3.53217
3.28331 -6.73106   3.44237 -6.8488
3.44237 -6.8488   3.0737 -6.893
3.44237 -6.8488   3.06131 -7.07601
3.44237 -6.8488   3.42597 -7.07723
3.44237 -6.8488   3.41369 -7.02652
3.44237 -6.8488   3.34264 -6.69332
2.7541 -6.9409   2.78481 -6.66929
2.7541 -6.9409   2.80131 -7.03245
2.78481 -6.66929   2.84328 -6.75818
2.78481 -6.66929   2.3955 -6.56545
2.78481 -6.66929   2.64133 -6.57658
2.80131 -7.03245   2.94822 -7.02947
2.80131 -7.03245   2.41663 -7.30903
2.80131 -7.03245   2.70693 -6.86114
2.94822 -7.02947   2.99664 -6.98508
2.99664 -6.98508   3.28331 -6.73106
3.06131 -7.07601   2.78413 -6.8207
3.42597 -7.07723   3.31742 -6.98683
1.32424 -6.61558   1.33092 -6.615
1.33092 -6.615   1.37261 -6.59946
1.37261 -6.59946   1.47587 -6.78473
1.37261 -6.59946   1.49189 -6.20204
1.47587 -6.78473   1.4483 -6.77961
1.47587 -6.78473   1.47629 -6.81828
1.4483 -6.77961   1.33905 -6.73593
1.47629 -6.81828   1.5693 -6.66103
1.47629 -6.81828   1.55521 -6.98647
1.55521 -6.98647   1.87686 -6.65753
1.87686 -6.65753   1.88505 -6.75596
1.87686 -6.65753   2.30067 -6.73434
1.49189 -6.20204   1.72498 -6.4221
1.49189 -6.20204   1.66438 -6.20824
2.41663 -7.30903   2.37904 -7.415
2.30067 -6.73434   2.41581 -6.50747
2.30067 -6.73434   2.25549 -6.68874
2.30067 -6.73434   2.34855 -6.69668
2.30067 -6.73434   2.54588 -6.62006
2.30067 -6.73434   2.24866 -6.7482
2.30067 -6.73434   2.51159 -6.46261
2.41581 -6.50747   2.42558 -6.46316
2.54588 -6.62006   2.7541 -6.9409
2.51159 -6.46261   2.29804 -6.76178
2.42558 -6.46316   2.66488 -6.7976
1.01128 -2.58706   0.952329 -2.71131
1.01128 -2.58706   0.701671 -2.62065
1.01128 -2.58706   1.26695 -2.22266
0.0242476 -2.65195   0.124655 -2.77179
0.0242476 -2.65195   0.0213189 -2.66357
0.0242476 -2.65195   0.0240877 -2.69761
1.14143 -3.27091   1.18478 -3.21931
1.14143 -3.27091   1.21337 -2.80316
0.701671 -2.62065   0.743417 -2.55844
1.26695 -2.22266   1.20915 -2.30387
1.26695 -2.22266   1.12168 -2.08114
1.26695 -2.22266   1.11179 -2.21583
1.26695 -2.22266   1.16273 -2.18062
1.26695 -2.22266   1.28994 -2.46042
1.26695 -2.22266   1.41818 -2.23079
1.06745 -3.326   1.00653 -3.15914
1.11179 -2.21583   1.31141 -2.17641
1.28994 -2.46042   1.30473 -2.54136
1.30473 -2.54136   1.36397 -2.39891
1.21337 -2.80316   1.19145 -2.89434
1.21337 -2.80316   1.46382 -2.65937
1.36397 -2.39891   1.23237 -2.39729
1.22091 -3.42494   1.36449 -3.43371
2.71286 -1.83879   2.94291 -1.86927
2.94291 -1.86927   2.98837 -1.74146
3.0404 -1.59935   3.22694 -1.76066
3.0404 -1.59935   3.04972 -1.64665
3.0404 -1.59935   3.42401 -1.46822
3.0404 -1.59935   3.38544 -1.84389
3.22694 -1.76066   3.23511 -1.73002
3.22694 -1.76066   3.19731 -1.85206
2.57966 -1.80715   2.71286 -1.83879
2.57966 -1.80715   2.4848 -2.03022
2.57966 -1.80715   2.53993 -1.83904
2.57966 -1.80715   2.56676 -1.81834
2.98837 -1.74146   3.0404 -1.59935
2.98837 -1.74146   3.06147 -1.60792
3.19731 -1.85206   3.22398 -1.89168
3.42401 -1.46822   3.34201 -1.54814
3.42401 -1.46822   3.39243 -1.5196
3.42401 -1.46822   3.7007 -1.45301
3.42401 -1.46822   3.74494 -1.37442
3.42401 -1.46822   3.35882 -1.556
3.22398 -1.89168   3.19932 -1.8085
3.7007 -1.45301   3.64677 -1.44078
3.74494 -1.37442   3.99885 -1.07281
3.99885 -1.07281   4.11519 -1.21087
3.99885 -1.07281   3.97418 -1.06466
3.99885 -1.07281   4.10419 -0.911878
4.11519 -1.21087   4.27926 -1.46806
4.11519 -1.21087   4.07344 -1.13642
3.97418 -1.06466   3.9343 -1.10126
3.38544 -1.84389   3.43701 -1.74771
4.27926 -1.46806   4.20834 -1.28099
4.27926 -1.46806   4.35719 -1.30637
4.27926 -1.46806   4.20376 -1.40241
4.27926 -1.46806   4.0837 -1.34282
4.27926 -1.46806   4.47118 -1.29186
3.9343 -1.10126   3.95819 -1.06572
3.95819 -1.06572   4.01323 -1.26483
3.95819 -1.06572   3.91535 -1.0418
3.91535 -1.0418   3.96705 -1.17352
4.56413 -1.4984   4.47892 -1.78547
5.56637 -1.11231   5.58842 -1.14842
5.58842 -1.14842   5.71736 -1.21663
5.58842 -1.14842   5.49709 -1.17707
5.58842 -1.14842   5.47271 -1.05805
5.70155 -2.02263   5.77689 -1.78942
5.70155 -2.02263   5.73745 -1.99159
5.70155 -2.02263   5.89803 -1.84021
5.70155 -2.02263   5.82258 -2.1003
5.70155 -2.02263   6.08191 -2.35059
5.71736 -1.21663   5.77632 -1.30019
5.77632 -1.30019   5.73115 -1.20636
5.77632 -1.30019   5.74297 -1.25722
5.77632 -1.30019   5.78038 -1.24437
5.77632 -1.30019   5.58437 -1.5948
5.77632 -1.30019   5.87968 -0.939795
5.58437 -1.5948   5.82842 -1.62991
5.58437 -1.5948   5.87551 -1.49389
5.82842 -1.62991   5.77043 -1.6335
5.82842 -1.62991   5.58333 -1.82818
5.82842 -1.62991   5.53449 -1.25646
5.82842 -1.62991   5.68798 -1.60509
5.82842 -1.62991   6.05542 -1.64029
5.58333 -1.82818   5.87217 -1.51738
5.58333 -1.82818   5.61836 -1.72347
5.58333 -1.82818   5.70155 -2.02263
6.05542 -1.64029   5.70133 -1.45387
6.05542 -1.64029   5.95883 -1.32787
6.05542 -1.64029   6.10124 -1.44588
6.05542 -1.64029   5.92622 -1.80597
6.05542 -1.64029   6.16733 -1.57598
6.10124 -1.44588   6.41339 -1.24833
6.41339 -1.24833   6.05869 -1.09276
6.41339 -1.24833   6.32853 -1.28912
6.41339 -1.24833   6.48756 -1.46132
6.05869 -1.09276   6.17123 -1.18242
5.89803 -1.84021   5.74113 -2.09683
6.13857 -2.35222   5.88898 -2.30442
6.48756 -1.46132   6.45425 -1.24509
6.48756 -1.46132   6.46421 -1.43044
6.45425 -1.24509   6.35302 -1.31224
6.45425 -1.24509   6.44032 -1.31648
6.45425 -1.24509   6.39439 -0.856827
5.97188 -0.808792   5.86425 -1.00064
5.97188 -0.808792   5.89074 -0.727495
7.31991 1.00679   7.37108 0.93778
7.88593 1.23691   7.92369 1.21606
7.92369 1.21606   7.9569 1.22015
7.9569 1.22015   8.0788 1.05343
8.0788 1.05343   8.40288 1.21079
8.40288 1.21079   8.65501 1.22732
5.20703 -0.717822   5.08885 -0.680301
5.20703 -0.717822   5.56637 -1.11231
4.86859 -0.774296   5.20703 -0.717822
4.86859 -0.774296   4.87826 -0.899878
4.86859 -0.774296   4.88011 -0.846147
5.87968 -0.939795   5.97188 -0.808792
4.87826 -0.899878   4.77604 -1.34549
5.89074 -0.727495   5.92098 -0.762298
4.77604 -1.34549   4.56413 -1.4984
6.45808 -2.5098   6.58179 -2.37962
6.45808 -2.5098   6.66695 -2.12285
6.45808 -2.5098   6.34476 -2.29174
6.45808 -2.5098   6.48298 -2.246
6.45808 -2.5098   6.78655 -2.64378
6.45808 -2.5098   6.58364 -2.37432
5.85222 -4.49614   5.89316 -4.5076
5.89316 -4.5076   5.93501 -4.39042
5.89316 -4.5076   5.90042 -4.51551
6.17581 -3.82452   6.13772 -3.9213
6.17581 -3.82452   6.13392 -3.75859
6.13772 -3.9213   6.01252 -4.14531
6.01252 -4.14531   5.81303 -4.3965
6.01252 -4.14531   6.05214 -4.12272
5.81303 -4.3965   6.17763 -4.50802
5.81303 -4.3965   5.85222 -4.49614
6.17763 -4.50802   5.90631 -4.75545
7.53951 -2.17346   7.51532 -2.14658
7.53951 -2.17346   7.51805 -2.19962
7.53951 -2.17346   7.56666 -2.20479
6.78655 -2.64378   7.15601 -2.32155
6.78655 -2.64378   6.41497 -2.91746
7.15601 -2.32155   7.11254 -2.61408
7.15601 -2.32155   7.15014 -2.3318
7.15601 -2.32155   7.53951 -2.17346
7.11254 -2.61408   7.06356 -2.61589
7.11254 -2.61408   7.15925 -2.44524
7.11254 -2.61408   7.30432 -2.56898
7.30432 -2.56898   7.3888 -2.6727
7.56666 -2.20479   7.60179 -2.13437
7.60179 -2.13437   7.64534 -2.15333
7.64534 -2.15333   7.90187 -1.92037
6.118 -2.36485   6.039 -2.48294
6.118 -2.36485   6.13857 -2.35222
6.039 -2.48294   6.13433 -2.40768
6.039 -2.48294   6.45808 -2.5098
6.08191 -2.35059   6.118 -2.36485
6.41497 -2.91746   6.24155 -3.05306
6.41497 -2.91746   6.30111 -2.8597
6.41497 -2.91746   6.69844 -2.89479
6.24155 -3.05306   6.41251 -3.27188
6.25643 -3.50316   5.88619 -3.17642
6.25643 -3.50316   6.00489 -3.12735
6.25643 -3.50316   6.28531 -3.43332
6.25643 -3.50316   6.47859 -3.24078
6.25643 -3.50316   6.32532 -3.30317
6.25643 -3.50316   6.28875 -3.59303
6.00489 -3.12735   5.86854 -3.47929
6.58319 -3.54055   6.70684 -3.56827
6.58319 -3.54055   6.36348 -3.75341
6.70684 -3.56827   6.78166 -3.78185
6.41251 -3.27188   6.20935 -3.29233
6.41251 -3.27188   6.56179 -3.01156
6.41251 -3.27188   6.38335 -3.29553
6.38335 -3.29553   6.36564 -3.44109
6.36564 -3.44109   6.41243 -3.4271
6.36564 -3.44109   6.25643 -3.50316
6.41243 -3.4271   6.46211 -3.44256
6.46211 -3.44256   6.47551 -3.45192
6.47551 -3.45192   6.62158 -3.14394
6.47551 -3.45192   6.32536 -3.32542
6.47551 -3.45192   6.53966 -3.55271
6.28875 -3.59303   6.17581 -3.82452
6.53966 -3.55271   6.58319 -3.54055
6.78166 -3.78185   6.7644 -3.74044
6.78166 -3.78185   6.67482 -3.50029
5.86854 -3.47929   6.1861 -3.45168
5.86854 -3.47929   5.73919 -3.48082
4.87981 -0.244085   4.73679 -0.0408048
4.87981 -0.244085   4.69547 -0.347615
4.73679 -0.0408048   4.86703 0.0108056
4.10419 -0.911878   4.47317 -1.01571
4.10419 -0.911878   4.193 -0.964954
4.10419 -0.911878   4.26192 -1.13651
4.47317 -1.01571   4.39881 -0.877785
4.47317 -1.01571   4.56973 -0.894427
4.47317 -1.01571   4.47272 -1.05954
4.39881 -0.877785   4.71907 -0.614819
4.71907 -0.614819   4.64457 -0.711223
4.71907 -0.614819   4.69881 -0.621189
4.71907 -0.614819   4.78608 -0.71116
4.71907 -0.614819   4.75194 -0.625733
4.69881 -0.621189   4.6391 -0.487266
4.78608 -0.71116   4.86859 -0.774296
4.6391 -0.487266   4.56024 -0.553312
4.6391 -0.487266   4.69377 -0.324372
4.56024 -0.553312   4.5312 -0.592799
4.69377 -0.324372   4.85881 -0.265243
4.85881 -0.265243   5.01825 -0.246335
5.01825 -0.246335   4.87981 -0.244085
4.86703 0.0108056   4.88101 0.0279719
5.25688 0.0103193   5.43935 0.174704
5.11033 -0.147688   5.24327 -0.29463
5.31873 0.12314   5.28272 0.137579
4.64614 -0.134958   4.72289 -0.228156
4.47272 -1.05954   4.48492 -1.09331
2.83479 -3.06303   2.6019 -3.17153
2.83479 -3.06303   2.78384 -3.16673
2.75039 -2.6535   2.68912 -2.69394
2.75039 -2.6535   2.67198 -2.51522
2.75039 -2.6535   2.75322 -2.5415
2.75039 -2.6535   2.7327 -2.8619
2.6019 -3.17153   2.56855 -3.16642
2.60523 -3.01184   2.5545 -2.88549
3.00821 -3.32127   2.97296 -3.36775
2.97296 -3.36775   3.30621 -3.11128
2.97296 -3.36775   3.23808 -3.14219
2.97296 -3.36775   2.92509 -3.35251
2.97296 -3.36775   2.93774 -3.38147
3.30621 -3.11128   3.16141 -3.28248
3.30621 -3.11128   3.4395 -3.38425
2.93774 -3.38147   2.85287 -3.11513
2.93774 -3.38147   2.94444 -3.39975
3.16141 -3.28248   3.39893 -3.60458
3.26698 -3.78701   3.06566 -3.34413
3.26698 -3.78701   3.11288 -3.35625
3.26698 -3.78701   3.29948 -3.71797
3.26698 -3.78701   3.17487 -3.79558
3.26698 -3.78701   3.33549 -3.88379
5.90631 -4.75545   5.90071 -4.765
5.90071 -4.765   5.5035 -4.8621
5.5035 -4.8621   5.85195 -5.20077
5.5035 -4.8621   5.53955 -4.93106
5.85195 -5.20077   5.99612 -5.63578
5.99612 -5.63578   6.15048 -5.38761
5.99612 -5.63578   5.97134 -5.54731
6.15048 -5.38761   6.11336 -5.34111
3.27997 -4.35517   3.18277 -4.41242
3.29948 -3.71797   3.16369 -3.88618
3.16369 -3.88618   3.41621 -3.60538
3.40234 -3.90896   3.18568 -3.93523
3.40234 -3.90896   3.40576 -3.8962
3.40234 -3.90896   3.27953 -3.86424
3.40234 -3.90896   3.40434 -3.88551
3.40234 -3.90896   3.42023 -3.90253
3.40234 -3.90896   3.40218 -3.98706
3.18568 -3.93523   3.37088 -4.15847
3.37088 -4.15847   3.27997 -4.35517
3.42023 -3.90253   3.73009 -3.65326
3.42023 -3.90253   3.44929 -3.58052
3.73009 -3.65326   3.93666 -3.67597
3.39893 -3.60458   3.26698 -3.78701
3.33549 -3.88379   3.2381 -3.7469
3.33549 -3.88379   3.37173 -3.86059
3.33549 -3.88379   3.33239 -3.80701
3.37173 -3.86059   3.30395 -3.84331
3.37173 -3.86059   3.15623 -3.5867
3.37173 -3.86059   3.29258 -3.88133
3.37173 -3.86059   3.40234 -3.90896
3.4395 -3.38425   3.31457 -3.40644
3.93666 -3.67597   3.96049 -3.63306
-0.705213 -3.27825   -0.854439 -3.31651
-0.705213 -3.27825   -0.525172 -3.03341
-0.705213 -3.27825   -0.721586 -3.44158
-0.854439 -3.31651   -0.866402 -3.13935
-0.746891 -2.98416   -0.705213 -3.27825
-0.525172 -3.03341   -0.288755 -2.95439
-0.288755 -2.95439   -0.134943 -3.17139
-0.288755 -2.95439   -0.319358 -2.98844
-0.134943 -3.17139   -0.188921 -3.09843
-0.134943 -3.17139   -0.295119 -2.69019
-0.134943 -3.17139   0.051158 -3.36625
-0.319358 -2.98844   -0.01931 -2.85659
-0.295119 -2.69019   -0.0190553 -2.63273
-0.295119 -2.69019   -0.420706 -2.73925
-0.0190553 -2.63273   0.0242476 -2.65195
-0.0190553 -2.63273   -0.0673076 -2.68101
-0.0190553 -2.63273   -0.254282 -2.96302
0.0240877 -2.69761   -0.0570266 -2.76797
-0.721586 -3.44158   -0.7038 -3.28199
-0.721586 -3.44158   -0.605774 -3.14733
-0.866402 -3.13935   -1.05234 -3.26862
-4.11218 -4.53976   -3.68277 -4.72211
-4.11218 -4.53976   -4.25437 -4.5464
-4.11218 -4.53976   -4.15815 -4.5148
-4.11218 -4.53976   -4.15907 -4.48798
-4.11218 -4.53976   -4.34054 -4.45817
-3.68277 -4.72211   -3.70166 -4.94438
-3.68277 -4.72211   -3.78944 -4.96242
-3.44833 -4.92369   -3.26007 -5.08808
-3.78944 -4.96242   -3.90035 -4.94683
-3.45918 -4.47536   -3.67854 -4.23115
-5.95319 -4.85599   -5.925 -4.88402
-5.95319 -4.85599   -5.76722 -4.45798
-5.95319 -4.85599   -5.79692 -5.08524
-7.47097 -3.8577   -7.52989 -3.6843
-7.47097 -3.8577   -7.71169 -4.2078
-7.52989 -3.6843   -7.51764 -3.73038
-7.52989 -3.6843   -7.4061 -3.60611
-8.65929 -3.03412   -8.43007 -2.95627
-8.65929 -3.03412   -9.07287 -3.29117
-8.65929 -3.03412   -8.51066 -3.13889
-8.65929 -3.03412   -8.64049 -2.96863
-8.43007 -2.95627   -8.43986 -2.99492
-8.43007 -2.95627   -8.39684 -2.81479
-7.76882 -3.61704   -7.83781 -3.51599
-7.76882 -3.61704   -7.73215 -3.65723
-7.83781 -3.51599   -8.01274 -3.57211
-7.83781 -3.51599   -7.85619 -3.66527
-7.83781 -3.51599   -7.76915 -3.60037
-8.01274 -3.57211   -8.13051 -3.47602
-8.13051 -3.47602   -8.36365 -3.32746
-8.13051 -3.47602   -8.11988 -3.65814
-8.36365 -3.32746   -8.35093 -3.55793
-8.36365 -3.32746   -8.61717 -3.14244
-8.35093 -3.55793   -8.73239 -3.8347
-8.61717 -3.14244   -8.65929 -3.03412
-9.07287 -3.29117   -9.07181 -3.21237
-9.07181 -3.21237   -9.06019 -3.23474
-9.07181 -3.21237   -9.13449 -3.29063
-8.73239 -3.8347   -8.71258 -3.86654
-9.13449 -3.29063   -8.80826 -3.48913
-8.64049 -2.96863   -8.84529 -3.13524
-8.64714 -5.24872   -8.75575 -5.00612
-8.64714 -5.24872   -8.47661 -5.27336
-8.64714 -5.24872   -8.62117 -5.16423
-8.64714 -5.24872   -8.39388 -5.51183
-8.64714 -5.24872   -8.46429 -5.06968
-8.75575 -5.00612   -8.79444 -4.98931
-8.5881 -5.2097   -8.56314 -4.90225
-8.5881 -5.2097   -8.64714 -5.24872
-8.47661 -5.27336   -8.68982 -4.98112
-8.47661 -5.27336   -8.28027 -5.49738
-8.68982 -4.98112   -8.58681 -4.8776
-8.58681 -4.8776   -8.74767 -5.03852
-6.86571 -4.27153   -6.98542 -4.00602
-6.86571 -4.27153   -6.88718 -4.36452
-6.98542 -4.00602   -7.17553 -4.09523
-7.17553 -4.09523   -7.2701 -3.86249
-7.2701 -3.86249   -7.35812 -3.85276
-7.35812 -3.85276   -7.27727 -3.72747
-7.35812 -3.85276   -7.03021 -3.69842
-7.35812 -3.85276   -7.32638 -3.83686
-7.35812 -3.85276   -7.47097 -3.8577
-7.27727 -3.72747   -7.15 -3.70933
-7.27727 -3.72747   -7.02704 -3.91043
-7.03021 -3.69842   -7.06491 -3.72181
-7.15 -3.70933   -6.96294 -3.71755
-7.4061 -3.60611   -7.49682 -3.64286
-7.4061 -3.60611   -7.27724 -3.59956
-7.4061 -3.60611   -7.42355 -3.62548
-7.4061 -3.60611   -7.35119 -3.42703
-7.49682 -3.64286   -7.67918 -3.62373
-7.81096 -4.32398   -7.38113 -4.26694
-7.81096 -4.32398   -7.85447 -4.33652
-7.27724 -3.59956   -7.04088 -3.86234
-7.85447 -4.33652   -7.58718 -4.33244
-7.85447 -4.33652   -7.68115 -4.20763
-7.85447 -4.33652   -7.79091 -4.21922
-7.85447 -4.33652   -7.74376 -4.6216
-7.71169 -4.2078   -7.81096 -4.32398
-7.67918 -3.62373   -7.76882 -3.61704
-5.36895 -4.92335   -5.8358 -5.18611
-5.76722 -4.45798   -5.84041 -4.57632
-5.76722 -4.45798   -5.99493 -4.68917
-5.76722 -4.45798   -5.78902 -4.32506
-5.76722 -4.45798   -5.58525 -4.90314
-5.84041 -4.57632   -5.44234 -4.56534
-5.79692 -5.08524   -5.94741 -4.84571
-5.99493 -4.68917   -6.23451 -4.44182
-5.44234 -4.56534   -5.66914 -4.81844
-5.98522 -5.15862   -5.65727 -5.37947
-6.27365 -4.58508   -6.22055 -4.58675
-5.8197 -5.21324   -6.01741 -5.26751
-6.25517 -3.95359   -5.99132 -3.66738
-6.25517 -3.95359   -6.43696 -4.14103
-6.68894 -4.33056   -6.3328 -4.12765
-6.68894 -4.33056   -6.72465 -4.62043
-6.3328 -4.12765   -6.26863 -3.98833
-6.3328 -4.12765   -6.25261 -4.25487
-6.26863 -3.98833   -6.25517 -3.95359
-6.26863 -3.98833   -6.02896 -4.11411
-6.26863 -3.98833   -6.14897 -3.70981
-6.65807 -4.9929   -6.93623 -4.79906
-6.65807 -4.9929   -6.64297 -4.87182
-6.65807 -4.9929   -6.84085 -4.76317
-6.65807 -4.9929   -6.63884 -5.0369
-6.93623 -4.79906   -6.84382 -4.72577
-6.93623 -4.79906   -6.6738 -4.76781
-6.23451 -4.44182   -6.27365 -4.58508
-6.23451 -4.44182   -6.47344 -4.49818
-6.47344 -4.49818   -6.37178 -4.37324
-6.47344 -4.49818   -6.43671 -4.51824
-6.47344 -4.49818   -6.65733 -4.41434
-6.65733 -4.41434   -6.68894 -4.33056
-6.72465 -4.62043   -6.77673 -4.67586
-6.77673 -4.67586   -6.69308 -4.35967
-6.77673 -4.67586   -6.86571 -4.27153
-6.77673 -4.67586   -6.54 -4.72316
-6.77673 -4.67586   -6.65807 -4.9929
-6.63884 -5.0369   -6.68718 -5.04988
-6.63884 -5.0369   -6.87739 -4.80569
-7.74376 -4.6216   -7.46121 -4.76005
-7.74376 -4.6216   -7.68839 -4.55219
-7.74376 -4.6216   -7.93779 -4.81306
-7.46121 -4.76005   -7.55262 -4.65847
-7.93779 -4.81306   -8.22393 -4.95782
-7.93779 -4.81306   -7.58205 -4.89825
-8.22393 -4.95782   -8.00334 -4.67953
-8.22393 -4.95782   -8.40956 -4.97437
-8.40956 -4.97437   -8.5881 -5.2097
-8.28027 -5.49738   -7.94228 -5.8185
-7.94228 -5.8185   -7.75005 -5.93217
-7.94228 -5.8185   -7.86531 -5.76475
-7.75005 -5.93217   -7.65491 -5.97502
-7.65491 -5.97502   -7.55737 -5.82351
-7.65491 -5.97502   -7.7703 -5.94818
-7.7703 -5.94818   -8.00452 -5.92028
-4.73126 -4.33988   -4.67937 -4.48949
-4.73126 -4.33988   -4.88812 -4.33573
-4.73126 -4.33988   -4.87457 -4.47063
-4.73126 -4.33988   -5.10176 -4.49401
-4.73126 -4.33988   -4.75382 -4.17503
-4.73126 -4.33988   -4.45065 -4.74428
-4.67937 -4.48949   -4.35304 -4.98298
-4.4046 -4.79427   -4.59912 -4.6662
-4.4046 -4.79427   -4.3151 -5.03523
-4.4046 -4.79427   -4.32136 -4.73854
-4.59912 -4.6662   -4.73126 -4.33988
-4.88812 -4.33573   -4.92488 -4.38503
-4.88812 -4.33573   -4.80027 -4.25991
-5.10176 -4.49401   -5.1465 -4.1257
-5.10176 -4.49401   -5.14133 -4.68233
-4.15815 -4.5148   -4.24473 -4.48692
-4.15907 -4.48798   -4.14373 -4.37367
-4.80027 -4.25991   -4.86208 -4.31949
-4.80027 -4.25991   -5.02547 -4.6501
-4.80027 -4.25991   -4.60935 -4.43274
-4.80027 -4.25991   -4.60761 -4.37563
-4.75382 -4.17503   -4.73145 -4.25548
-5.1465 -4.1257   -5.26265 -4.14233
-5.31172 -5.00115   -5.27223 -5.07512
-5.31172 -5.00115   -5.36895 -4.92335
-4.3151 -5.03523   -4.32614 -4.98532
-4.3151 -5.03523   -4.33608 -5.3702
-4.59925 -4.95134   -4.69096 -4.89556
-4.69096 -4.89556   -4.4046 -4.79427
-4.32136 -4.73854   -4.42005 -4.79434
-4.32136 -4.73854   -4.24363 -4.69993
-4.24363 -4.69993   -4.14975 -4.59604
-4.14975 -4.59604   -4.17797 -4.65962
-4.14975 -4.59604   -4.11218 -4.53976
-4.11411 -4.35727   -4.19765 -4.66184
-4.11411 -4.35727   -3.95543 -3.98865
-4.33608 -5.3702   -4.33034 -5.15809
-3.95543 -3.98865   -3.94249 -3.90185
-4.14373 -4.37367   -4.11411 -4.35727
-3.94249 -3.90185   -4.14553 -3.76518
-4.14553 -3.76518   -3.90777 -3.84146
-4.16293 -3.84869   -4.36847 -4.07696
-4.36847 -4.07696   -3.997 -4.25348
