-5 -5 0 0
-4.81535 -5.19927 0 0
-4.6307 -5.39853 0 0
-4.44605 -5.5978 0 0
-4.2614 -5.79706 0 0
-4.07675 -5.99633 0 0
-3.8921 -6.19559 0 0
-3.70745 -6.39486 0 0
-3.5228 -6.59412 0 0
-3.33815 -6.79339 0 0
-3.1535 -6.99265 0 0
-2.96885 -7.19192 0 0
-2.7842 -7.39118 0 0
-2.59955 -7.59045 0 0
-2.4149 -7.78971 0 0
-2.23025 -7.98898 0 0
-2.0456 -8.18824 0 0
-1.86094 -8.38751 0 0
-1.67629 -8.58677 0 0
-1.49164 -8.78604 0 0
-1.52644 -8.59059 0 0
-1.56124 -8.39515 0 0
-1.59604 -8.1997 0 0
-1.63084 -8.00426 0 0
-1.66563 -7.80881 0 0
-1.70043 -7.61337 0 0
-1.73523 -7.41792 0 0
-1.77003 -7.22248 0 0
-1.80482 -7.02704 0 0
-1.83962 -6.83159 0 0
-1.87442 -6.63615 0 0
-1.90922 -6.4407 0 0
-1.94402 -6.24526 0 0
-1.97881 -6.04981 0 0
-2.01361 -5.85437 0 0
-2.04841 -5.65892 0 0
-2.08321 -5.46348 0 0
-2.118 -5.26803 0 0
-2.1528 -5.07259 0 0
-2.1876 -4.87715 0 0
-2.02044 -4.68219 0 0
-1.85328 -4.48723 0 0
-1.68612 -4.29227 0 0
-1.51896 -4.09731 0 0
-1.3518 -3.90235 0 0
-1.18464 -3.70739 0 0
-1.01748 -3.51243 0 0
-0.850321 -3.31747 0 0
-0.683161 -3.1225 0 0
-0.516001 -2.92754 0 0
-0.348841 -2.73258 0 0
-0.181681 -2.53762 0 0
-0.0145209 -2.34266 0 0
0.152639 -2.1477 0 0
0.319799 -1.95274 0 0
0.486959 -1.75778 0 0
0.654119 -1.56282 0 0
0.821279 -1.36786 0 0
0.988439 -1.1729 0 0
1.1556 -0.977944 0 0
1.32276 -0.782984 0 0
1.31515 -0.710062 0 0
1.30754 -0.637141 0 0
1.29993 -0.56422 0 0
1.29232 -0.491298 0 0
1.28472 -0.418377 0 0
1.27711 -0.345456 0 0
1.2695 -0.272534 0 0
1.26189 -0.199613 0 0
1.25428 -0.126692 0 0
1.24667 -0.0537702 0 0
1.23906 0.0191512 0 0
1.23146 0.0920726 0 0
1.22385 0.164994 0 0
1.21624 0.237915 0 0
1.20863 0.310837 0 0
1.20102 0.383758 0 0
1.19341 0.456679 0 0
1.1858 0.529601 0 0
1.17819 0.602522 0 0
1.17059 0.675443 0 0
1.16298 0.748365 0 0
1.15537 0.821286 0 0
1.14776 0.894207 0 0
1.14015 0.967129 0 0
1.13254 1.04005 0 0
1.12493 1.11297 0 0
1.11733 1.18589 0 0
1.10972 1.25881 0 0
1.10211 1.33174 0 0
1.0945 1.40466 0 0
1.08689 1.47758 0 0
1.07928 1.5505 0 0
1.07167 1.62342 0 0
1.06407 1.69634 0 0
1.1377 1.82499 0 0
1.21134 1.95364 0 0
1.28498 2.08229 0 0
1.35862 2.21094 0 0
1.43226 2.33958 0 0
1.27062 2.49038 0 0
1.10899 2.64117 0 0
0.947352 2.79196 0 0
0.785717 2.94275 0 0
0.77954 3.09335 0 0
0.773363 3.24395 0 0
0.767186 3.39455 0 0
0.76101 3.54515 0 0
0.754833 3.69575 0 0
0.748656 3.84635 0 0
0.742479 3.99694 0 0
0.736303 4.14754 0 0
0.730126 4.29814 0 0
0.723949 4.44874 0 0
0.717772 4.59934 0 0
0.711596 4.74994 0 0
0.705419 4.90054 0 0
0.699242 5.05114 0 0
0.693065 5.20173 0 0
0.686889 5.35233 0 0
0.680712 5.50293 0 0
0.674535 5.65353 0 0
0.668358 5.80413 0 0
0.662182 5.95473 0 0
0.656005 6.10533 0 0
0.649828 6.25593 0 0
0.643651 6.40652 0 0
0.637475 6.55712 0 0
0.631298 6.70772 0 0
0.625121 6.85832 0 0
0.618944 7.00892 0 0
0.612768 7.15952 0 0
0.606591 7.31012 0 0
0.600414 7.46071 0 0
0.594237 7.61131 0 0
0.588061 7.76191 0 0
0.581884 7.91251 0 0
0.691691 7.97093 0 0
0.801499 8.02934 0 0
0.911306 8.08776 0 0
1.02111 8.14617 0 0
1.13092 8.20459 0 0
1.24073 8.263 0 0
1.35054 8.32142 0 0
1.46034 8.37983 0 0
1.57015 8.43825 0 0
1.67996 8.49666 0 0
1.78976 8.55508 0 0
1.89957 8.61349 0 0
2.00938 8.67191 0 0
2.11919 8.73032 0 0
2.22899 8.78874 0 0
2.3388 8.84715 0 0
2.44861 8.90557 0 0
2.55842 8.96398 0 0
2.66822 9.0224 0 0
2.77803 9.08082 0 0
2.88784 9.13923 0 0
2.99765 9.19765 0 0
3.10745 9.25606 0 0
3.21726 9.31448 0 0
3.32707 9.37289 0 0
3.43687 9.43131 0 0
3.54668 9.48972 0 0
3.65649 9.54814 0 0
3.7663 9.60655 0 0
3.8761 9.66497 0 0
3.98591 9.72338 0 0
4.09572 9.7818 0 0
4.20553 9.84021 0 0
4.31533 9.89863 0 0
4.42514 9.95704 0 0
4.57244 9.87955 0 0
4.71974 9.80206 0 0
4.86704 9.72457 0 0
5.01434 9.64708 0 0
5.16165 9.56959 0 0
5.30895 9.4921 0 0
5.45625 9.41461 0 0
5.60355 9.33712 0 0
5.75085 9.25963 0 0
5.89815 9.18214 0 0
6.04545 9.10465 0 0
6.19275 9.02716 0 0
6.34005 8.94967 0 0
6.48735 8.87218 0 0
6.63465 8.79469 0 0
6.78195 8.7172 0 0
6.92926 8.63971 0 0
7.07656 8.56222 0 0
7.22386 8.48473 0 0
7.37116 8.40724 0 0
7.51846 8.32975 0 0
7.66576 8.25226 0 0
7.81306 8.17477 0 0
7.77177 8.18711 0 0
7.73048 8.19944 0 0
7.68919 8.21178 0 0
7.6479 8.22411 0 0
7.60662 8.23645 0 0
7.56533 8.24878 0 0
7.52404 8.26112 0 0
7.48275 8.27345 0 0
7.44146 8.28579 0 0
7.40017 8.29812 0 0
7.40992 8.1473 0 0
7.36605 8.27861 0 0
7.32218 8.40992 0 0
7.27831 8.54123 0 0
7.23445 8.67254 0 0
7.19058 8.80386 0 0
7.14671 8.93517 0 0
7.10284 9.06648 0 0
7.05897 9.19779 0 0
7.01511 9.3291 0 0
6.97124 9.46042 0 0
6.92737 9.59173 0 0
6.8835 9.72304 0 0
6.90389 9.54453 0 0
6.92428 9.36602 0 0
6.94466 9.18751 0 0
6.96505 9.009 0 0
6.98544 8.83049 0 0
7.00583 8.65198 0 0
7.02621 8.47348 0 0
7.0466 8.29497 0 0
7.06699 8.11646 0 0
6.9871 8.06063 0 0
6.90721 8.0048 0 0
6.82155 7.96968 0 0
