-4.95992 -4.99513 132.1
-4.91985 -4.99027 132.15
-4.87977 -4.9854 132.2
-4.8397 -4.98054 132.25
-4.79962 -4.97567 132.3
-4.75955 -4.9708 132.35
-4.71947 -4.96594 132.4
-4.6794 -4.96107 132.45
-4.63932 -4.9562 132.5
-4.62218 -4.93739 132.6
-4.6451 -4.92345 132.65
-4.66803 -4.9095 132.7
-4.65005 -4.88109 132.8
-4.60914 -4.86662 132.85
-4.56823 -4.85215 132.9
-4.52732 -4.83768 132.95
-4.48641 -4.82321 133
-4.4455 -4.80874 133.05
-4.4046 -4.79427 91.15
-4.38795 -4.78312 91.2
-4.3713 -4.77198 91.25
-4.35465 -4.76083 91.3
-4.338 -4.74968 91.35
-4.32136 -4.73854 126.25
-4.30581 -4.73082 126.3
-4.29027 -4.7231 126.35
-4.27472 -4.71538 126.4
-4.25918 -4.70765 126.45
-4.21234 -4.6653 133.15
-4.18105 -4.63067 133.2
-4.14975 -4.59604 99.2
-4.13097 -4.5679 99.25
-4.11218 -4.53976 130.1
-4.13563 -4.51387 130.15
-4.15396 -4.44988 133.3
-4.14884 -4.41178 133.35
-4.14373 -4.37367 120.55
-4.11411 -4.35727 66.2
-4.09428 -4.31119 66.25
-4.07444 -4.26511 66.3
-4.05461 -4.21904 66.35
-4.03477 -4.17296 66.4
-4.01494 -4.12688 66.45
-3.9951 -4.0808 66.5
-3.97527 -4.03473 66.55
-3.95543 -3.98865 125.45
-3.9522 -3.96695 125.5
-3.94896 -3.94525 125.55
-3.94573 -3.92355 125.6
-3.94249 -3.90185 73.25
-3.96787 -3.88476 73.3
-3.99325 -3.86768 73.35
-4.01863 -3.8506 73.4
-4.04401 -3.83352 73.45
-4.06939 -3.81643 73.5
-4.09477 -3.79935 73.55
-4.12015 -3.78227 73.6
-4.14553 -3.76518 78.75
-4.09798 -3.78044 78.8
-4.05042 -3.79569 78.85
-4.00287 -3.81095 78.9
-3.95532 -3.8262 78.95
-3.90777 -3.84146 66.4
-3.92339 -3.79811 66.45
-3.93901 -3.75475 66.5
-3.95463 -3.7114 66.55
-3.97025 -3.66805 66.6
-3.98587 -3.6247 66.65
-4.00149 -3.58134 66.7
-4.01711 -3.53799 80.85
-3.97978 -3.51928 87.5
-3.99446 -3.50603 87.55
-4.00913 -3.49278 87.6
-4.02381 -3.47953 87.65
-4.03848 -3.46627 87.7
-4.05316 -3.45302 87.75
-4.06783 -3.43977 87.8
-4.08251 -3.42652 87.85
-4.09718 -3.41327 87.9
-4.09921 -3.36284 133.45
-4.08656 -3.32565 133.5
-4.07391 -3.28847 133.55
-4.06126 -3.25129 133.6
-4.04861 -3.21411 83.25
-4.03013 -3.20632 83.3
-4.01165 -3.19853 83.35
-3.98224 -3.18873 133.7
-3.97132 -3.18673 133.75
-3.96039 -3.18473 133.8
-3.94947 -3.18273 133.85
-3.93855 -3.18073 133.9
-3.92762 -3.17873 133.95
-3.9167 -3.17672 134
-3.91461 -3.16441 134.1
-3.92344 -3.1541 134.15
-3.93228 -3.14378 134.2
-3.94111 -3.13347 134.25
-3.94994 -3.12316 134.3
-3.95878 -3.11285 96.05
-3.91356 -3.09828 96.1
-3.86835 -3.08372 96.15
-3.82313 -3.06916 96.2
-3.77792 -3.0546 96.25
-3.7327 -3.04004 96.3
-3.68749 -3.02548 91.25
-3.72336 -3.02529 83.8
-3.69985 -3.04169 83.85
-3.67635 -3.05808 83.9
-3.65284 -3.07448 83.95
-3.62933 -3.09087 84
-3.60583 -3.10727 84.05
-3.5537 -3.084 134.4
-3.52507 -3.04434 134.45
-3.49645 -3.00467 134.5
-3.46782 -2.965 134.55
-3.4392 -2.92534 134.6
-3.42401 -2.85024 134.7
-3.43745 -2.81481 134.75
-3.47698 -2.73803 134.85
-3.50307 -2.69668 92.4
-3.52401 -2.65111 92.45
-3.54495 -2.60554 92.5
-3.5659 -2.55997 92.55
-3.58684 -2.5144 92.6
-3.60779 -2.46883 92.65
-3.62873 -2.42326 92.7
-3.62817 -2.35702 134.95
-3.60665 -2.33635 135
-3.58514 -2.31569 135.05
-3.56363 -2.29502 135.1
-3.54212 -2.27436 135.15
-3.52061 -2.25369 135.2
-3.4991 -2.23302 135.25
-3.5118 -2.21824 135.35
-3.54601 -2.22411 135.4
-3.58022 -2.22999 135.45
-3.61443 -2.23587 135.5
-3.61107 -2.23334 135.6
-3.5735 -2.22492 135.65
-3.53593 -2.21651 135.7
-3.49835 -2.20809 135.75
-3.46078 -2.19968 135.8
-3.42321 -2.19126 135.85
-3.38563 -2.18285 135.9
-3.34806 -2.17443 135.95
-3.31048 -2.16602 136
-3.27291 -2.15761 118.4
-3.19437 -2.17885 136.1
-3.15246 -2.21507 136.15
-3.11054 -2.25129 136.2
-3.06862 -2.28751 136.25
-3.02671 -2.32373 136.3
-2.98479 -2.35995 136.35
-2.94287 -2.39617 136.4
-2.85935 -2.39295 136.5
-2.81775 -2.35351 136.55
-2.77614 -2.31407 136.6
-2.73454 -2.27463 136.65
-2.69293 -2.23519 136.7
-2.65133 -2.19575 136.75
-2.60973 -2.15632 136.8
-2.56812 -2.11688 136.85
-2.52652 -2.07744 136.9
-2.41154 -1.9751 137
-2.37789 -1.99038 137.1
-2.38103 -2.02311 137.15
-2.38417 -2.05584 137.2
-2.38731 -2.08857 137.25
-2.39045 -2.1213 137.3
-2.39359 -2.15403 137.35
-2.39673 -2.18676 137.4
-2.39987 -2.21948 137.45
-2.40301 -2.25221 137.5
-2.37112 -2.26664 137.6
-2.33609 -2.24833 137.65
-2.30106 -2.23003 137.7
-2.26603 -2.21172 137.75
-2.231 -2.19342 137.8
-2.19597 -2.17511 137.85
-2.16095 -2.1568 137.9
-2.12592 -2.1385 137.95
-2.0491 -2.15554 138.05
-2.00731 -2.1909 138.1
-1.96553 -2.22625 138.15
-1.92374 -2.2616 138.2
-1.88196 -2.29695 138.25
-1.84017 -2.3323 138.3
-1.79838 -2.36765 138.35
-1.72009 -2.41605 138.45
-1.68359 -2.42909 138.5
-1.64708 -2.44214 138.55
-1.61058 -2.45519 138.6
-1.57407 -2.46824 138.65
-1.53757 -2.48128 138.7
-1.50106 -2.49433 138.75
-1.46456 -2.50738 138.8
-1.39339 -2.50213 138.9
-1.35872 -2.48383 138.95
-1.32404 -2.46553 139
-1.28937 -2.44723 139.05
-1.2547 -2.42893 139.1
-1.22003 -2.41063 139.15
-1.13901 -2.41622 139.25
-1.09266 -2.4401 139.3
-1.04631 -2.46399 139.35
-0.981667 -2.49637 139.45
-0.941729 -2.55281 139.55
-0.92008 -2.60073 139.6
-0.898431 -2.64866 139.65
-0.876783 -2.69659 139.7
-0.855134 -2.74452 139.75
-0.833485 -2.79245 139.8
-0.811837 -2.84038 139.85
-0.790188 -2.8883 139.9
-0.768539 -2.93623 139.95
-0.74226 -3.01684 140.05
-0.737629 -3.04951 140.1
-0.732998 -3.08219 140.15
-0.728367 -3.11487 140.2
-0.723736 -3.14754 140.25
-0.719105 -3.18022 140.3
-0.714474 -3.21289 140.35
-0.709843 -3.24557 140.4
-0.705213 -3.27825 112.85
-0.675206 -3.23744 112.9
-0.645199 -3.19663 112.95
-0.615192 -3.15583 113
-0.585186 -3.11502 113.05
-0.555179 -3.07421 113.1
-0.50153 -3.0255 140.5
-0.477889 -3.0176 140.55
-0.454247 -3.0097 140.6
-0.430605 -3.0018 140.65
-0.406963 -2.9939 140.7
-0.383322 -2.986 140.75
-0.35968 -2.9781 140.8
-0.336038 -2.9702 140.85
-0.312396 -2.9623 140.9
-0.266782 -2.98539 141
-0.244808 -3.01639 141.05
-0.222835 -3.04739 141.1
-0.200862 -3.07839 141.15
-0.178889 -3.10939 141.2
-0.156916 -3.14039 141.25
-0.0884175 -3.2201 141.35
-0.0418923 -3.26882 141.4
0.00463286 -3.31753 141.45
0.0994792 -3.31765 141.55
0.1478 -3.26906 141.6
0.196121 -3.22047 141.65
0.290681 -3.22153 141.75
0.336919 -3.27117 141.8
0.383157 -3.32082 141.85
0.429396 -3.37047 141.9
0.475634 -3.42011 141.95
0.521872 -3.46976 142
0.56811 -3.5194 142.05
0.614348 -3.56905 142.1
0.653163 -3.58386 142.2
0.645622 -3.51195 142.3
0.645505 -3.47486 142.35
0.645388 -3.43778 142.4
0.645271 -3.40069 142.45
0.645154 -3.36361 142.5
0.645037 -3.32652 142.55
0.679239 -3.30717 142.65
0.713557 -3.32491 142.7
0.747875 -3.34265 142.75
0.827305 -3.32372 142.85
0.872417 -3.28705 142.9
0.917528 -3.25039 142.95
0.96264 -3.21372 143
1.00775 -3.17705 143.05
1.05286 -3.14038 143.1
1.09797 -3.10372 143.15
1.14309 -3.06705 143.2
1.17051 -2.98605 143.3
1.15281 -2.94172 143.35
1.13512 -2.89738 143.4
1.11743 -2.85305 143.45
1.09974 -2.80872 143.5
1.08205 -2.76439 143.55
1.06435 -2.72005 143.6
1.04666 -2.67572 143.65
1.02897 -2.63139 143.7
1.04324 -2.54151 143.8
1.0752 -2.49596 143.85
1.10715 -2.45041 143.9
1.13911 -2.40486 143.95
1.17107 -2.35931 144
1.20303 -2.31376 144.05
1.23499 -2.26821 144.1
1.21852 -2.17549 144.2
1.1701 -2.12832 144.25
1.16962 -2.06377 144.35
1.21755 -2.0464 144.4
1.26549 -2.02903 144.45
1.31342 -2.01165 144.5
1.36136 -1.99428 144.55
1.40929 -1.97691 144.6
1.45722 -1.95954 144.65
1.50516 -1.94217 144.7
1.55309 -1.92479 144.75
1.60103 -1.90742 110.4
1.64998 -1.94336 110.45
1.69893 -1.97929 110.5
1.74788 -2.01523 110.55
1.79683 -2.05117 110.6
1.84578 -2.08711 110.65
1.89473 -2.12304 110.7
1.94368 -2.15898 110.75
1.99263 -2.19492 110.8
2.06018 -2.21557 144.85
2.07878 -2.20028 144.9
2.09738 -2.18499 144.95
2.11598 -2.16971 145
2.10887 -2.11882 145.1
2.08317 -2.08322 145.15
2.05746 -2.04761 145.2
2.03175 -2.01201 145.25
2.00604 -1.97641 145.3
2.01781 -1.92813 145.4
2.05529 -1.91545 145.45
2.09277 -1.90277 145.5
2.13024 -1.8901 145.55
2.20652 -1.87724 145.65
2.2421 -1.88837 145.7
2.27768 -1.89949 145.75
2.31326 -1.91061 145.8
2.38181 -1.90537 145.9
2.41479 -1.889 145.95
2.44776 -1.87263 146
2.48074 -1.85626 146.05
2.51371 -1.83989 146.1
2.54668 -1.82352 146.15
2.57966 -1.80715 108.5
2.62406 -1.81769 108.55
2.66846 -1.82824 108.6
2.75887 -1.84488 146.25
2.80488 -1.85098 146.3
2.85089 -1.85708 146.35
2.8969 -1.86317 146.4
2.95806 -1.82667 146.5
2.97322 -1.78406 146.55
3.00571 -1.69409 146.65
3.02306 -1.64672 146.7
3.08835 -1.58295 146.8
3.1363 -1.56656 146.85
3.18425 -1.55017 146.9
3.2322 -1.53378 146.95
3.28015 -1.51739 147
3.32811 -1.501 147.05
3.37606 -1.48461 147.1
3.46412 -1.45649 147.2
3.50424 -1.44477 147.25
3.54436 -1.43304 147.3
3.58447 -1.42132 147.35
3.62459 -1.4096 147.4
3.6647 -1.39787 147.45
3.70482 -1.38615 147.5
3.77667 -1.33672 147.6
3.80841 -1.29902 147.65
3.84015 -1.26132 147.7
3.87189 -1.22362 147.75
3.90363 -1.18592 147.8
3.93537 -1.14822 147.85
3.96711 -1.11052 147.9
4.02518 -1.03258 148
4.05152 -0.992346 148.05
4.07785 -0.952112 148.1
4.10419 -0.911878 106.6
4.15031 -0.924857 106.65
4.19644 -0.937837 106.7
4.24256 -0.950816 106.75
4.28868 -0.963796 106.8
4.3348 -0.976776 106.85
4.38093 -0.989755 106.9
4.42705 -1.00273 106.95
4.45458 -0.981232 148.2
4.43599 -0.94675 148.25
4.4174 -0.912267 148.3
4.44456 -0.840218 148.4
4.49031 -0.802652 148.45
4.53606 -0.765085 148.5
4.58182 -0.727519 148.55
4.62757 -0.689952 148.6
4.67332 -0.652386 148.65
4.68687 -0.594405 148.75
4.67493 -0.56762 148.8
4.66298 -0.540835 148.85
4.65104 -0.514051 148.9
4.64456 -0.470977 149
4.65003 -0.454687 149.05
4.6555 -0.438398 149.1
4.66097 -0.422109 149.15
4.66644 -0.405819 149.2
4.6719 -0.38953 149.25
4.67737 -0.37324 149.3
4.68284 -0.356951 149.35
4.68831 -0.340661 149.4
4.72678 -0.312546 149.5
4.75979 -0.30072 149.55
4.7928 -0.288894 149.6
4.82581 -0.277068 149.65
4.89867 -0.260516 149.75
4.93853 -0.255789 149.8
4.97839 -0.251062 149.85
4.9721 -0.245585 149.95
4.92596 -0.244835 150
4.85597 -0.210205 150.1
4.83213 -0.176325 150.15
4.8083 -0.142445 150.2
4.78446 -0.108565 150.25
4.76062 -0.0746848 150.3
4.76935 -0.0279022 150.4
4.80191 -0.0149996 150.45
4.83447 -0.00209702 150.5
4.86703 0.0108056 104.65
4.87402 0.0193887 104.7
4.89067 0.0470185 150.6
4.90032 0.0660652 150.65
4.90998 0.0851118 150.7
4.91963 0.104158 150.75
4.92929 0.123205 150.8
4.93894 0.142252 150.85
4.9486 0.161298 150.9
4.95826 0.180345 150.95
4.96791 0.199392 151
5.01248 0.192423 151.1
5.0474 0.166408 151.15
5.08231 0.140394 151.2
5.11723 0.114379 151.25
5.15214 0.0883639 151.3
5.18705 0.062349 151.35
5.22197 0.0363342 151.4
5.29338 0.0431963 151.5
5.32987 0.0760732 151.55
5.36636 0.10895 151.6
5.40285 0.141827 151.65
5.43552 0.217592 151.75
5.4317 0.26048 151.8
5.42787 0.303368 151.85
5.42405 0.346256 151.9
5.39703 0.420137 152
5.37384 0.45113 152.05
5.35065 0.482123 152.1
5.32746 0.513116 152.15
5.30427 0.544108 152.2
5.26313 0.594118 152.3
5.24517 0.613135 152.35
5.22722 0.632152 152.4
5.21793 0.691533 152.5
5.2266 0.731897 152.55
5.23527 0.77226 152.6
5.24394 0.812624 152.65
5.2526 0.852988 152.7
5.23781 0.902758 152.8
5.21435 0.912165 152.85
5.1909 0.921572 152.9
5.16744 0.930978 152.95
5.14398 0.940385 153
5.16987 0.95134 153.1
5.21922 0.952889 153.15
5.28306 0.975747 153.25
5.37339 1.01777 153.35
5.42154 1.03505 153.4
5.4697 1.05233 153.45
5.51786 1.06961 153.5
5.57761 1.13412 153.6
5.65869 1.15862 153.7
5.70564 1.13007 153.75
5.75259 1.10152 153.8
5.79954 1.07296 153.85
5.84648 1.04441 153.9
5.89343 1.01586 153.95
5.93991 1.0017 154.05
5.93944 1.01609 154.1
5.93896 1.03048 154.15
5.93849 1.04487 154.2
5.93802 1.05926 154.25
5.91824 1.12239 154.35
5.89893 1.17113 154.4
5.87962 1.21987 154.45
5.86031 1.2686 154.5
5.841 1.31734 154.55
5.82169 1.36608 154.6
5.80238 1.41482 154.65
5.81018 1.45392 154.75
5.83729 1.44429 154.8
5.84211 1.48405 154.9
5.81983 1.53344 154.95
5.79755 1.58283 155
5.77527 1.63222 155.05
5.81365 1.65529 155.15
5.84579 1.61778 155.2
5.87794 1.58027 155.25
5.91009 1.54276 155.3
5.94224 1.50524 155.35
5.97438 1.46773 155.4
6.04216 1.44929 155.5
6.07779 1.46835 155.55
6.11341 1.48742 155.6
6.14904 1.50649 155.65
6.18467 1.52556 155.7
6.2203 1.54463 155.75
6.3147 1.51708 155.85
6.33362 1.50028 155.9
6.35255 1.48348 155.95
6.37148 1.46669 156
6.39041 1.44989 156.05
6.40933 1.4331 156.1
6.46676 1.4433 156.2
6.50526 1.47029 156.25
6.54376 1.49729 156.3
6.58227 1.52429 156.35
6.62077 1.55128 156.4
6.67172 1.5593 156.5
6.70803 1.52833 156.6
6.7319 1.51634 156.65
6.75577 1.50435 156.7
6.77964 1.49236 156.75
6.80351 1.48037 156.8
6.82737 1.46838 156.85
6.8956 1.4123 156.95
6.93996 1.36821 157
6.98432 1.32411 157.05
7.02868 1.28002 157.1
7.07304 1.23593 157.15
7.1174 1.19184 157.2
7.18261 1.17735 157.3
7.20346 1.20696 157.35
7.22432 1.23657 157.4
7.24517 1.26618 157.45
7.26602 1.29578 157.5
7.28687 1.32539 157.55
7.30772 1.355 157.6
7.32857 1.38461 157.65
7.34943 1.41422 157.7
7.39813 1.46991 157.8
7.42598 1.49599 157.85
7.45383 1.52207 157.9
7.48167 1.54815 157.95
7.50952 1.57424 158
7.53737 1.60032 158.05
7.60398 1.67577 158.15
7.69039 1.77456 158.25
7.73805 1.82398 158.3
7.78777 1.88505 158.4
7.78984 1.89671 158.45
7.81025 1.91366 158.55
7.8286 1.91895 158.6
7.84694 1.92425 158.65
7.86528 1.92955 158.7
7.88363 1.93484 158.75
7.90197 1.94014 158.8
7.92032 1.94543 158.85
7.93866 1.95073 158.9
7.94241 1.97434 159
7.92782 1.99266 159.05
7.91323 2.01097 159.1
7.89864 2.02929 159.15
7.88405 2.04761 159.2
7.86946 2.06592 159.25
7.85487 2.08424 159.3
7.84028 2.10255 159.35
7.78117 2.16329 159.45
7.73665 2.20572 159.5
7.69214 2.24814 159.55
7.64762 2.29057 159.6
7.60311 2.33299 159.65
7.55859 2.37542 159.7
7.51407 2.41784 159.75
7.46956 2.46027 159.8
7.39963 2.53337 159.9
7.37421 2.56405 159.95
7.3488 2.59473 160
7.33558 2.66252 160.1
7.34777 2.69964 160.15
7.35997 2.73676 160.2
7.37216 2.77387 160.25
7.36248 2.85617 160.35
7.3406 2.90135 160.4
7.31872 2.94654 160.45
7.29684 2.99172 160.5
7.27496 3.03691 160.55
7.25308 3.08209 160.6
7.2312 3.12728 160.65
7.20298 3.20452 160.75
7.19663 3.23657 160.8
7.19029 3.26863 160.85
7.18395 3.30068 160.9
7.17761 3.33274 160.95
7.17126 3.36479 73.8
7.2145 3.41063 73.85
7.25773 3.45647 73.9
7.30097 3.50231 73.95
7.3442 3.54815 74
7.38744 3.59399 74.05
7.42387 3.66032 161.05
7.41706 3.68081 161.1
7.41025 3.70129 161.15
7.43758 3.75899 161.25
7.40198 3.8549 161.35
7.4174 3.92759 161.45
7.46627 3.95832 161.5
7.51515 3.98905 161.55
7.56402 4.01978 161.6
7.62776 4.08161 161.7
7.64262 4.11271 161.75
7.63443 4.18046 161.85
7.61137 4.2171 161.9
7.58831 4.25375 161.95
7.56525 4.29039 162
7.54219 4.32704 162.05
7.51913 4.36368 162.1
7.49607 4.40032 162.15
7.47718 4.48307 162.25
7.48134 4.52916 162.3
7.48551 4.57526 162.35
7.48968 4.62136 162.4
7.47636 4.70759 162.5
7.45887 4.74772 162.55
7.44138 4.78786 162.6
7.42389 4.82799 162.65
7.4064 4.86812 162.7
7.38891 4.90825 162.75
7.37142 4.94839 162.8
7.37275 5.04384 162.9
7.41084 5.07925 162.95
7.44894 5.11466 163
7.48704 5.15007 163.05
7.52514 5.18548 163.1
7.56323 5.22089 163.15
7.60133 5.2563 163.2
7.63943 5.29171 163.25
7.67753 5.32713 163.3
7.79494 5.43922 163.4
7.82779 5.4827 163.45
7.86064 5.52618 163.5
7.89349 5.56966 163.55
7.92634 5.61314 163.6
7.95919 5.65662 163.65
7.99204 5.7001 82.35
7.94566 5.73424 82.4
7.89927 5.76838 82.45
7.85288 5.80252 82.5
7.80649 5.83667 82.55
7.7601 5.87081 82.6
7.71371 5.90495 82.65
7.67763 5.94049 105.7
7.68204 5.95087 105.75
7.68645 5.96124 105.8
7.69087 5.97161 105.85
7.69528 5.98199 105.9
7.6997 5.99236 105.95
7.70411 6.00273 106
7.70852 6.01311 106.05
7.71294 6.02348 106.1
7.71735 6.03385 106.15
7.72101 6.07656 163.75
7.72026 6.1089 163.8
7.71951 6.14124 163.85
7.71876 6.17357 163.9
7.71801 6.20591 163.95
7.71725 6.23825 164
7.7165 6.27058 164.05
7.71575 6.30292 164.1
7.715 6.33526 164.15
7.69822 6.37936 164.25
7.68219 6.39113 164.3
7.66616 6.40289 164.35
7.65014 6.41466 164.4
7.63411 6.42643 164.45
7.61808 6.43819 164.5
7.60205 6.44996 164.55
7.58603 6.46173 164.6
7.57 6.47349 164.65
7.51801 6.50837 164.75
7.48205 6.53149 164.8
7.44609 6.55461 164.85
7.40517 6.61858 164.95
7.40021 6.65944 165
7.39526 6.70029 165.05
7.3903 6.74115 165.1
7.38535 6.78201 165.15
7.38039 6.82287 165.2
7.37544 6.86372 165.25
