-4 -4 0 0 0 0 0 
-3.94501 -3.9221 -0.0266352 -0.0218988 0.018505 -0.0135014 0.024108 
-3.88859 -3.86476 -0.0647891 -0.0223615 -0.00724911 0.0112765 -0.00629863 
-3.84997 -3.79535 -0.037752 -0.025481 -0.0413615 -0.0112713 0.0274508 
-3.77074 -3.72311 -0.0663327 -0.0541179 -0.0659175 -0.00999353 0.0371823 
-3.70957 -3.73282 -0.0329374 -0.0667975 -0.0958141 -0.0389503 0.0703153 
-3.67979 -3.62323 -0.0298454 -0.0261313 -0.103756 -0.0727803 0.0694085 
-3.70374 -3.50168 -0.0475643 0.000400116 -0.0878869 -0.0589579 0.0715802 
-3.62839 -3.4287 -0.0777055 -0.00528815 -0.110608 -0.0537963 0.0401922 
-3.52056 -3.37836 -0.0627372 -0.00321292 -0.141183 -0.0627053 0.064665 
-3.4439 -3.3911 -0.0779166 0.0205086 -0.173794 -0.0321667 0.0444267 
-3.37858 -3.32245 -0.106787 0.000434725 -0.152508 -0.0154283 0.0261498 
-3.35335 -3.21942 -0.079054 -0.00580374 -0.20023 -0.00916424 0.0201852 
-3.2723 -3.18504 -0.0773242 -0.0301829 -0.226085 -0.00314158 -0.0337893 
-3.22156 -3.15667 -0.112744 -0.0322527 -0.259792 -0.0365261 -0.0710807 
-3.20354 -3.08602 -0.146154 -0.00996963 -0.295261 -0.00961841 -0.0800885 
-3.10891 -3.05274 -0.152921 -0.0476266 -0.298329 0.0170327 -0.105636 
-3.0609 -3.02597 -0.19223 -0.0451998 -0.304554 0.0579081 -0.0494353 
-2.94996 -2.92124 -0.199684 -0.0516321 -0.31518 0.079752 -0.0483623 
-2.97905 -2.86575 -0.239405 -0.0146391 -0.315241 0.110407 -0.0184399 
-3.01339 -2.81757 -0.176672 -0.0709375 -0.323558 0.121935 -0.0164856 
-3.02971 -2.78433 -0.214113 -0.120431 -0.345766 0.167531 -0.00825401 
-3.06939 -2.77102 -0.262334 -0.177167 -0.360729 0.190323 0.00718649 
-3.08591 -2.76392 -0.309547 -0.243881 -0.347781 0.213724 0.0389257 
-3.089 -2.76849 -0.277227 -0.274921 -0.398334 0.264737 0.0684812 
-3.0995 -2.6949 -0.317731 -0.275798 -0.407819 0.298896 0.109121 
-3.1562 -2.67381 -0.343332 -0.309517 -0.398151 0.341699 0.0813996 
-3.18653 -2.61989 -0.39235 -0.355211 -0.386085 0.348337 0.106112 
-3.21458 -2.55895 -0.392896 -0.381304 -0.394279 0.399644 0.0593333 
-3.24617 -2.49601 -0.439389 -0.396914 -0.414047 0.38686 0.0244175 
-3.28117 -2.46348 -0.480012 -0.409407 -0.440433 0.326476 0.012077 
-3.29784 -2.38167 -0.528626 -0.429599 -0.42832 0.356958 0.00696508 
-3.2907 -2.38542 -0.539198 -0.525784 -0.447981 0.414551 -0.000962235 
-3.3177 -2.41883 -0.571262 -0.56251 -0.492914 0.432348 -0.0264868 
-3.33758 -2.42804 -0.628094 -0.573488 -0.48843 0.474206 -0.0904221 
-3.3403 -2.36419 -0.648178 -0.591539 -0.440245 0.435718 -0.101709 
-3.37127 -2.34659 -0.69551 -0.598039 -0.495754 0.397038 -0.118057 
-3.32043 -2.29714 -0.716089 -0.628034 -0.511308 0.414035 -0.164013 
-3.31598 -2.26995 -0.724461 -0.645059 -0.427262 0.358091 -0.156956 
-3.33991 -2.27518 -0.775805 -0.698541 -0.419815 0.318041 -0.133766 
-3.28552 -2.2199 -0.810766 -0.729478 -0.453527 0.314346 -0.152914 
-3.27042 -2.22843 -0.85773 -0.790446 -0.451156 0.245356 -0.156276 
-3.28401 -2.19081 -0.859432 -0.832408 -0.502054 0.232581 -0.208943 
-3.27456 -2.17737 -0.898431 -0.843421 -0.571844 0.195681 -0.182069 
-3.29372 -2.20532 -0.935206 -0.868383 -0.578557 0.151056 -0.129022 
-3.28293 -2.19968 -0.983557 -0.914535 -0.541922 0.130559 -0.165211 
-3.2773 -2.0922 -0.998991 -0.904239 -0.538745 0.109444 -0.207569 
-3.30407 -2.07742 -1.03122 -0.883648 -0.58223 0.0462868 -0.217522 
-3.2968 -2.07728 -1.05276 -0.847614 -0.62369 -0.0166407 -0.248282 
-3.34385 -2.04163 -1.10363 -0.845153 -0.62093 -0.0368663 -0.31294 
-3.33876 -1.9243 -1.10967 -0.836407 -0.669803 -0.038246 -0.330469 
-3.36173 -1.90355 -1.09978 -0.866604 -0.731677 -0.0655981 -0.370198 
-3.37591 -1.86163 -1.13812 -0.901571 -0.75611 -0.0699541 -0.316556 
-3.40547 -1.83304 -1.08149 -0.912694 -0.779916 -0.117085 -0.336744 
-3.41954 -1.76058 -1.1148 -0.924409 -0.794638 -0.148461 -0.371802 
-3.43018 -1.70243 -1.17612 -0.931412 -0.794188 -0.136085 -0.431538 
-3.41815 -1.68251 -1.20183 -0.971191 -0.837558 -0.149696 -0.377282 
-3.45244 -1.68909 -1.25301 -1.015 -0.884088 -0.163336 -0.367345 
-3.45291 -1.61453 -1.20789 -1.02029 -0.911819 -0.204828 -0.373138 
-3.46282 -1.5457 -1.25139 -1.02035 -0.932236 -0.243528 -0.345351 
-3.4892 -1.45568 -1.26329 -1.05494 -0.937463 -0.289544 -0.336894 
-3.49444 -1.39338 -1.29424 -1.04084 -0.970721 -0.236696 -0.330567 
-3.52016 -1.32691 -1.34719 -1.00544 -0.98381 -0.245943 -0.312521 
-3.53357 -1.25483 -1.35672 -1.02827 -0.969366 -0.287966 -0.350371 
-3.55232 -1.19178 -1.36948 -0.980412 -1.00272 -0.285327 -0.387981 
-3.54375 -1.1235 -1.44314 -0.988005 -1.04065 -0.292085 -0.393213 
-3.52977 -1.06811 -1.47187 -1.02141 -1.05552 -0.247836 -0.414835 
-3.5523 -1.0236 -1.50667 -1.00372 -1.08451 -0.205613 -0.441249 
-3.57242 -0.978202 -1.53002 -0.999467 -1.12148 -0.180397 -0.501793 
-3.55606 -0.945194 -1.47861 -1.02408 -1.15702 -0.17431 -0.547297 
-3.5763 -0.935515 -1.53184 -1.03098 -1.17826 -0.12332 -0.592492 
-3.59938 -0.903534 -1.57247 -1.0683 -1.22187 -0.162107 -0.592279 
-3.5997 -0.884249 -1.61246 -1.07222 -1.28224 -0.226949 -0.603879 
-3.60022 -0.812359 -1.58258 -1.03396 -1.29089 -0.24473 -0.637405 
-3.56526 -0.748345 -1.5892 -0.989247 -1.33014 -0.280309 -0.638315 
-3.56198 -0.729507 -1.64024 -0.997315 -1.36316 -0.338934 -0.60819 
-3.55987 -0.672136 -1.66433 -1.0194 -1.39383 -0.372096 -0.640779 
-3.54918 -0.626633 -1.62573 -1.04849 -1.43377 -0.383383 -0.675107 
-3.55906 -0.556389 -1.62019 -1.01048 -1.4687 -0.411793 -0.652923 
-3.55098 -0.434746 -1.61793 -0.964393 -1.46765 -0.412603 -0.680801 
-3.5101 -0.386483 -1.57056 -1.02129 -1.47471 -0.402555 -0.665422 
-3.52032 -0.33526 -1.53524 -1.0366 -1.47911 -0.44605 -0.714664 
-3.52777 -0.272417 -1.52496 -1.04158 -1.4959 -0.516326 -0.680285 
-3.5298 -0.253748 -1.55793 -1.10795 -1.5149 -0.544602 -0.64567 
-3.515 -0.212639 -1.56229 -1.1184 -1.56777 -0.585372 -0.693521 
-3.51402 -0.165142 -1.59442 -1.12294 -1.58535 -0.627812 -0.637715 
-3.53642 -0.0772864 -1.54866 -1.14136 -1.62034 -0.621312 -0.634069 
-3.5446 -0.0254936 -1.58367 -1.11466 -1.63232 -0.675929 -0.614808 
-3.56705 0.0123491 -1.60079 -1.10403 -1.68166 -0.70436 -0.665295 
-3.54777 0.0428595 -1.64456 -1.14318 -1.65937 -0.707129 -0.72124 
-3.55044 0.0950775 -1.66191 -1.1865 -1.68878 -0.732382 -0.753625 
-3.58027 0.130069 -1.69239 -1.22468 -1.65411 -0.753359 -0.783344 
-3.5942 0.19764 -1.69283 -1.24826 -1.6849 -0.783855 -0.737653 
-3.6266 0.26418 -1.72698 -1.28997 -1.67306 -0.774048 -0.709169 
-3.62226 0.3279 -1.73032 -1.31972 -1.61579 -0.818782 -0.708132 
-3.64109 0.392585 -1.68587 -1.33 -1.59651 -0.876671 -0.708872 
-3.66943 0.446048 -1.69864 -1.31496 -1.63207 -0.919744 -0.67582 
-3.65544 0.524812 -1.73932 -1.32862 -1.60527 -0.923991 -0.710427 
-3.64901 0.570275 -1.66123 -1.32678 -1.60036 -0.944637 -0.661839 
-3.63699 0.632431 -1.62387 -1.36405 -1.57181 -0.953027 -0.636711 
-3.54775 0.699549 -1.61579 -1.38865 -1.55375 -0.955155 -0.60124 
-3.5371 0.746249 -1.66544 -1.34054 -1.53223 -0.962744 -0.576003 
-3.5584 0.80673 -1.7094 -1.34279 -1.51061 -1.00778 -0.552995 
-3.56538 0.8191 -1.72218 -1.40152 -1.53709 -1.06403 -0.521446 
-3.5738 0.85758 -1.75658 -1.36227 -1.51696 -1.07705 -0.467631 
-3.56594 0.921923 -1.72334 -1.41124 -1.52238 -1.08876 -0.431783 
-3.52684 0.94776 -1.66237 -1.43315 -1.53164 -1.05627 -0.403268 
-3.54488 1.00555 -1.61251 -1.42598 -1.55318 -1.03577 -0.362881 
-3.56004 1.04675 -1.56517 -1.37757 -1.55099 -1.0285 -0.311999 
-3.55658 1.11022 -1.54723 -1.38871 -1.5667 -1.08756 -0.279416 
-3.57437 1.12646 -1.57413 -1.41121 -1.51192 -1.12838 -0.248518 
-3.53457 1.1606 -1.61276 -1.41604 -1.48129 -1.15101 -0.197683 
-3.52532 1.21735 -1.66321 -1.42951 -1.4981 -1.13951 -0.147423 
-3.52023 1.29152 -1.67473 -1.50951 -1.50431 -1.15207 -0.132055 
-3.47743 1.35211 -1.67459 -1.51514 -1.47049 -1.12918 -0.0687097 
-3.49099 1.38311 -1.62793 -1.54454 -1.48906 -1.0953 -0.0310712 
-3.4684 1.43826 -1.68 -1.57289 -1.52431 -1.0728 -0.033319 
-3.46653 1.44049 -1.70505 -1.6109 -1.57305 -1.10952 0.0152349 
-3.4908 1.38797 -1.71602 -1.63842 -1.62267 -1.14305 0.0357585 
-3.51536 1.42941 -1.76508 -1.65088 -1.63183 -1.17476 0.0852044 
-3.45613 1.4726 -1.76916 -1.6663 -1.60438 -1.14188 0.132055 
-3.46679 1.49691 -1.82424 -1.68944 -1.57229 -1.19304 0.144046 
-3.46697 1.51843 -1.78216 -1.73939 -1.53849 -1.20085 0.188891 
-3.43376 1.58292 -1.81621 -1.76775 -1.50062 -1.20995 0.206973 
-3.45298 1.63759 -1.82504 -1.78643 -1.5539 -1.22322 0.158984 
-3.47011 1.68459 -1.8852 -1.81662 -1.55916 -1.22533 0.211236 
-3.48793 1.73996 -1.89772 -1.86226 -1.50918 -1.21451 0.188375 
-3.51355 1.78632 -1.90626 -1.84673 -1.47505 -1.24137 0.250364 
-3.52031 1.84498 -1.88552 -1.85687 -1.44841 -1.25863 0.316544 
-3.41589 1.88852 -1.863 -1.88953 -1.45005 -1.27107 0.334137 
-3.42004 1.91678 -1.79304 -1.91794 -1.41414 -1.30563 0.331534 
-3.38077 1.95544 -1.75764 -1.9006 -1.39663 -1.31688 0.394932 
-3.3956 1.9657 -1.70576 -1.91819 -1.34685 -1.33026 0.444253 
-3.41592 2.00954 -1.6742 -1.93515 -1.30427 -1.36131 0.473791 
-3.41917 2.00997 -1.69501 -1.97869 -1.21306 -1.37865 0.497607 
-3.45618 2.0561 -1.66145 -1.99046 -1.19694 -1.42101 0.534649 
-3.46535 2.10153 -1.61314 -2.00512 -1.16455 -1.44233 0.497664 
-3.45593 2.15996 -1.57718 -2.0296 -1.14784 -1.48353 0.520121 
-3.43029 2.19744 -1.54165 -2.00346 -1.11514 -1.45212 0.548925 
-3.44535 2.2429 -1.57911 -2.00054 -1.07953 -1.45517 0.622019 
-3.37086 2.2768 -1.57294 -1.98473 -1.0345 -1.45949 0.668847 
-3.40465 2.32404 -1.51976 -1.95295 -0.984504 -1.46512 0.670175 
-3.38721 2.32869 -1.5101 -2.01157 -0.976563 -1.41283 0.723602 
-3.33343 2.33354 -1.54561 -2.00384 -0.932796 -1.37425 0.744004 
-3.36127 2.33949 -1.58415 -2.04658 -0.902334 -1.32265 0.7522 
-3.33576 2.33569 -1.54026 -2.0595 -0.841402 -1.27595 0.742457 
-3.36374 2.37371 -1.51674 -2.08927 -0.806068 -1.24182 0.772509 
-3.31101 2.36393 -1.55738 -2.13712 -0.770491 -1.22082 0.773808 
-3.33157 2.41743 -1.53193 -2.2063 -0.760523 -1.20483 0.751726 
-3.37107 2.42243 -1.50007 -2.23873 -0.715104 -1.16295 0.743125 
-3.35172 2.4894 -1.56531 -2.23935 -0.666476 -1.1679 0.732265 
-3.31109 2.46221 -1.57122 -2.31353 -0.630346 -1.15431 0.71094 
-3.26426 2.4843 -1.60047 -2.32704 -0.588522 -1.12186 0.742125 
-3.22531 2.51224 -1.63273 -2.3647 -0.553385 -1.08241 0.749671 
-3.23221 2.58282 -1.63266 -2.41559 -0.501994 -1.0586 0.74674 
-3.2647 2.54045 -1.64591 -2.42432 -0.479855 -0.982939 0.77356 
-3.27818 2.58395 -1.60227 -2.47466 -0.469726 -0.934714 0.775678 
-3.21636 2.6123 -1.58906 -2.48396 -0.461446 -0.889643 0.831822 
-3.17954 2.66258 -1.60057 -2.51586 -0.40556 -0.889201 0.869758 
-3.15848 2.6921 -1.63606 -2.54249 -0.381664 -0.848144 0.906428 
-3.20092 2.74406 -1.59084 -2.56398 -0.402458 -0.81556 0.919252 
-3.23925 2.7347 -1.58273 -2.61604 -0.399517 -0.765356 0.966468 
-3.19933 2.75919 -1.57422 -2.66562 -0.396933 -0.709974 0.929354 
-3.22402 2.71688 -1.56752 -2.71824 -0.343135 -0.676814 0.924623 
-3.23139 2.70406 -1.66902 -2.73922 -0.323615 -0.681355 0.963301 
-3.29281 2.71646 -1.66722 -2.82621 -0.328561 -0.674186 0.999752 
-3.32874 2.66237 -1.69889 -2.8707 -0.303644 -0.693042 1.01488 
-3.35167 2.72932 -1.71318 -2.87848 -0.292515 -0.674247 1.09211 
-3.28194 2.76837 -1.71429 -2.90811 -0.330931 -0.650872 1.11967 
-3.15954 2.80541 -1.7228 -2.9195 -0.290268 -0.654359 1.12773 
-3.07439 2.83311 -1.76621 -2.95462 -0.284442 -0.635658 1.13513 
-3.07524 2.89517 -1.81755 -3.01012 -0.281085 -0.642921 1.11465 
-3.07548 2.91427 -1.86633 -3.02712 -0.244653 -0.590856 1.08802 
-3.08898 2.95582 -1.88665 -2.99417 -0.181685 -0.567361 1.10459 
-3.09341 2.96678 -1.9413 -3.04165 -0.130326 -0.561291 1.1332 
-2.98908 2.95481 -1.94854 -3.0994 -0.116128 -0.554662 1.12402 
-2.93143 2.98424 -2.02912 -3.10152 -0.0936748 -0.548557 1.10001 
-2.96825 3.02962 -2.03554 -3.08601 -0.0698047 -0.520566 1.03225 
-2.99543 3.04448 -2.09105 -3.0939 -0.0602125 -0.480004 0.976788 
-2.994 3.04488 -2.16342 -3.13925 -0.0308691 -0.43 0.978232 
-2.88885 3.04273 -2.17254 3.14 -0.0547421 -0.426985 0.923346 
-2.7882 3.05884 -2.2094 3.09565 -0.0520592 -0.415895 0.920263 
-2.78596 3.03077 -2.25341 3.04039 -0.0480033 -0.383785 0.95667 
-2.6726 3.02119 -2.24698 3.03523 -0.094826 -0.364644 0.947975 
-2.61586 3.05252 -2.26573 3.03776 -0.141695 -0.321274 0.971643 
-2.50392 3.06358 -2.31125 3.04608 -0.133739 -0.323509 0.995122 
-2.50162 3.07485 -2.3832 3.03597 -0.174375 -0.275215 1.01263 
-2.45166 3.0633 -2.43712 3.05661 -0.165643 -0.23134 1.03419 
-2.41157 3.10254 -2.47419 3.07909 -0.13932 -0.247439 0.992269 
-2.38675 3.10065 -2.51996 3.09685 -0.0762961 -0.272074 0.968341 
-2.33492 3.13772 -2.51983 3.04461 -0.0734104 -0.210014 0.949379 
-2.27835 3.18631 -2.54762 3.05026 -0.087299 -0.167324 0.984779 
-2.2186 3.22361 -2.52919 3.02296 -0.0611302 -0.124746 0.969706 
-2.22492 3.25445 -2.5578 2.99531 -0.0635025 -0.0685518 0.916015 
-2.17718 3.26947 -2.59562 2.95613 -0.0767786 -0.0236483 0.901244 
-2.1163 3.30962 -2.65325 2.9585 -0.0930955 -0.0172437 0.945598 
-2.03525 3.35359 -2.67791 2.95544 -0.126616 -0.0511122 0.932914 
-2.01257 3.40424 -2.69251 2.95195 -0.124246 -0.107264 0.865039 
-1.99925 3.41173 -2.72723 2.98383 -0.0746928 -0.130231 0.819442 
-1.91745 3.42155 -2.74145 2.94819 -0.0822361 -0.169874 0.798873 
-1.85386 3.40036 -2.75743 2.95512 -0.0357649 -0.14063 0.764533 
-1.8142 3.41378 -2.78003 2.95052 0.0470456 -0.135214 0.721809 
-1.70337 3.42413 -2.78092 2.92838 0.0520413 -0.109156 0.756412 
-1.65285 3.47312 -2.81532 2.92405 0.113385 -0.105129 0.730891 
-1.63857 3.44485 -2.82576 2.90279 0.171462 -0.113778 0.660978 
-1.58259 3.43541 -2.85004 2.88219 0.20496 -0.123111 0.605467 
-1.4907 3.48297 -2.85046 2.85594 0.234556 -0.133098 0.57519 
-1.46831 3.47365 -2.90333 2.90417 0.273591 -0.123117 0.549551 
-1.37885 3.49054 -2.96518 2.9012 0.253118 -0.121795 0.527199 
-1.33854 3.48429 -3.00165 2.97005 0.254421 -0.100173 0.496237 
-1.29207 3.52396 -3.05835 2.93963 0.20794 -0.101723 0.492489 
-1.1766 3.54266 -3.08296 2.95027 0.247461 -0.101 0.500016 
-1.09956 3.55893 -3.10993 2.91458 0.267063 -0.0845905 0.477431 
-1.01467 3.5275 -3.11493 2.95227 0.306212 -0.0786299 0.455746 
-0.935889 3.54881 3.12318 2.95391 0.307166 -0.145772 0.45217 
-0.919255 3.57723 3.07028 2.95274 0.259928 -0.15506 0.508651 
-0.893215 3.584 3.04681 2.89219 0.290782 -0.0973134 0.509127 
-0.800676 3.56854 3.0291 2.87457 0.285755 -0.127911 0.473903 
-0.716231 3.59189 3.00792 2.85022 0.329059 -0.116062 0.462196 
-0.615635 3.5985 2.98521 2.89005 0.3078 -0.129618 0.460356 
-0.53383 3.59325 2.97252 2.92017 0.305665 -0.0685583 0.448338 
-0.45294 3.62258 2.92007 2.93742 0.300641 -0.0786583 0.419203 
-0.397712 3.6666 2.90861 3.00548 0.320243 -0.0791118 0.449001 
-0.296662 3.66908 2.87355 2.95575 0.315137 -0.0810367 0.456109 
-0.248859 3.68448 2.88222 2.84678 0.333765 -0.0746077 0.449029 
-0.146675 3.67306 2.86226 2.84537 0.369724 -0.0859806 0.477508 
-0.0868854 3.67166 2.86664 2.81912 0.422261 -0.0634395 0.512 
-0.0549848 3.65666 2.93253 2.80799 0.454917 -0.0159301 0.519559 
0.0269286 3.66502 2.94399 2.7885 0.516734 0.00201154 0.512611 
0.0463892 3.70229 2.9576 2.78419 0.514484 0.0741129 0.446919 
0.0908445 3.70205 2.95825 2.73412 0.535616 0.101136 0.390247 
0.178293 3.7325 2.98669 2.7499 0.582713 0.106999 0.380021 
0.277013 3.72265 2.97443 2.76875 0.622364 0.132566 0.384483 
0.358448 3.74351 2.95225 2.73575 0.624246 0.190038 0.383084 
0.397322 3.73606 2.9818 2.698 0.652989 0.200122 0.328796 
0.429879 3.74026 3.01001 2.68979 0.597327 0.265977 0.319555 
0.477292 3.72832 3.0501 2.67828 0.589709 0.273597 0.235284 
0.544433 3.74403 3.05889 2.72 0.585554 0.228576 0.203927 
0.63387 3.74043 3.0673 2.78482 0.593774 0.22952 0.175814 
0.678897 3.76528 3.0637 2.75617 0.636946 0.174667 0.157513 
0.695061 3.6718 3.06614 2.7189 0.577098 0.169244 0.157366 
0.766063 3.66354 3.06837 2.69824 0.600079 0.127857 0.116096 
0.816034 3.6487 2.99974 2.63789 0.586656 0.124997 0.1135 
0.866004 3.63386 2.9311 2.57753 0.573233 0.122137 0.110903 
0.924602 3.65757 2.94265 2.52041 0.530268 0.133243 0.0968547 
0.988533 3.68092 2.95632 2.47701 0.458881 0.132271 0.0993575 
1.05649 3.70653 2.94379 2.4708 0.429673 0.0998811 0.0523126 
1.09239 3.68731 2.95052 2.46937 0.404056 0.11407 -0.0590013 
1.1277 3.63789 3.02652 2.45651 0.396334 0.1342 -0.0815528 
1.21261 3.66608 3.0494 2.48887 0.423736 0.140873 -0.102776 
1.25549 3.65319 3.0337 2.48167 0.373809 0.144371 -0.181674 
1.37074 3.62895 3.04611 2.48309 0.366646 0.0946834 -0.193224 
1.43166 3.53775 3.0487 2.48588 0.305719 0.116977 -0.194942 
1.47182 3.52398 2.97063 2.42223 0.29789 0.113981 -0.18995 
1.54337 3.50171 2.96643 2.42628 0.254008 0.122506 -0.12554 
1.62056 3.45348 2.96216 2.42546 0.23091 0.144855 -0.183967 
1.67079 3.43578 2.95668 2.49234 0.205185 0.119745 -0.207511 
1.70681 3.42397 2.87656 2.4248 0.199625 0.1165 -0.201888 
1.74334 3.39553 2.85332 2.44186 0.125639 0.0786273 -0.20344 
1.78431 3.39816 2.88517 2.42918 0.104452 0.111706 -0.143297 
1.81811 3.40552 2.9156 2.46361 0.0201161 0.127316 -0.143904 
1.90066 3.42 2.97624 2.4217 0.0207987 0.114635 -0.144172 
1.94119 3.43165 2.98798 2.40571 0.00669261 0.0608854 -0.206417 
2.00185 3.4067 2.99858 2.38844 -0.0362991 0.0563943 -0.265481 
2.04418 3.39567 2.99631 2.32825 -0.0725231 0.0431413 -0.221164 
2.07568 3.4131 3.03513 2.28991 -0.0975662 0.0809556 -0.197169 
2.08593 3.43257 2.98871 2.2569 -0.164045 0.0611613 -0.184882 
2.12944 3.42166 3.02326 2.22615 -0.17879 0.0652864 -0.255856 
2.16801 3.45333 3.10528 2.19386 -0.160514 0.0631701 -0.271251 
2.14969 3.48797 3.13879 2.17677 -0.212598 0.0607888 -0.21551 
2.19932 3.49889 -3.09002 2.14393 -0.21924 0.0925795 -0.19196 
2.17069 3.5458 -3.08742 2.11733 -0.302331 0.121519 -0.188144 
2.20471 3.52432 -3.04647 2.13117 -0.313549 0.145442 -0.257988 
2.27788 3.53144 -2.98135 2.1325 -0.328438 0.170708 -0.277874 
2.33611 3.52498 -2.97714 2.10948 -0.367397 0.182469 -0.34133 
2.35173 3.53911 -2.97524 2.11443 -0.286147 0.239146 -0.37548 
2.40786 3.50414 -2.97076 2.04075 -0.291195 0.278367 -0.386914 
2.39218 3.44309 -2.94667 2.00921 -0.23455 0.296934 -0.380789 
2.41054 3.42971 -2.85765 1.94851 -0.227464 0.287964 -0.369285 
2.4289 3.41632 -2.76863 1.88781 -0.220378 0.278993 -0.357781 
2.44726 3.40294 -2.67961 1.82711 -0.213292 0.270023 -0.346278 
2.46563 3.38955 -2.5906 1.76642 -0.206207 0.261052 -0.334774 
2.48399 3.37616 -2.50158 1.70572 -0.199121 0.252082 -0.323271 
2.50235 3.36278 -2.41256 1.64502 -0.192035 0.243112 -0.311767 
2.52071 3.34939 -2.32354 1.58432 -0.184949 0.234141 -0.300263 
2.53907 3.33601 -2.23452 1.52362 -0.177864 0.225171 -0.28876 
2.55744 3.32262 -2.1455 1.46293 -0.170778 0.216201 -0.277256 
2.5758 3.30923 -2.05648 1.40223 -0.163692 0.20723 -0.265753 
2.58807 3.2909 -1.98523 1.36984 -0.198451 0.187445 -0.285505 
2.60625 3.27806 -1.89759 1.30938 -0.189691 0.179171 -0.272902 
2.62443 3.26521 -1.80996 1.24891 -0.180931 0.170897 -0.260299 
2.64262 3.25237 -1.72233 1.18844 -0.172171 0.162622 -0.247696 
2.6608 3.23953 -1.63469 1.12797 -0.16341 0.154348 -0.235093 
2.67898 3.22669 -1.54706 1.0675 -0.15465 0.146074 -0.22249 
2.69717 3.21385 -1.45943 1.00703 -0.14589 0.137799 -0.209887 
2.71535 3.20101 -1.37179 0.946564 -0.13713 0.129525 -0.197284 
2.73354 3.18817 -1.28416 0.886096 -0.12837 0.121251 -0.184681 
2.75172 3.17533 -1.19653 0.825627 -0.11961 0.112976 -0.172078 
2.7699 3.16249 -1.10889 0.765158 -0.110849 0.104702 -0.159475 
2.78809 3.14965 -1.02126 0.70469 -0.102089 0.0964276 -0.146872 
2.83426 3.13661 -0.986693 0.684932 -0.0965777 0.0703006 -0.212927 
2.84889 3.12455 -0.899614 0.624485 -0.0880545 0.0640964 -0.194135 
2.86352 3.1125 -0.812535 0.564037 -0.0795312 0.0578921 -0.175344 
2.87814 3.10044 -0.725457 0.50359 -0.0710079 0.0516879 -0.156552 
2.83731 3.17164 -0.725298 0.453899 -0.0590951 0.0191902 -0.132895 
2.85731 3.15054 -0.636133 0.398099 -0.0518302 0.0168311 -0.116558 
2.87731 3.12944 -0.546969 0.342299 -0.0445654 0.0144719 -0.10022 
2.89731 3.10834 -0.457804 0.286499 -0.0373005 0.0121128 -0.0838829 
2.91731 3.08724 -0.36864 0.230698 -0.0300356 0.00975361 -0.0675454 
2.93731 3.06614 -0.279475 0.174898 -0.0227708 0.00739446 -0.0512079 
2.95731 3.04504 -0.19031 0.119098 -0.0155059 0.00503531 -0.0348704 
2.97731 3.02394 -0.101146 0.0632981 -0.00824106 0.00267616 -0.0185328 
2.99731 3.00284 -0.0119813 0.00749803 -0.000976201 0.000317006 -0.00219532 
3 3 0 0 0 0 0 

