-3 -3 0 0 0 0 0 
-2.94198 -2.94244 -0.000163146 0.000209708 -0.0178271 2.6388e-05 -4.68843e-05 
-2.88395 -2.88489 -0.000326291 0.000419417 -0.0356543 5.2776e-05 -9.37687e-05 
-2.82593 -2.82733 -0.000489437 0.000629125 -0.0534814 7.9164e-05 -0.000140653 
-2.76791 -2.76978 -0.000652582 0.000838834 -0.0713086 0.000105552 -0.000187537 
-2.70988 -2.71222 -0.000815728 0.00104854 -0.0891357 0.00013194 -0.000234422 
-2.65186 -2.65467 -0.000978874 0.00125825 -0.106963 0.000158328 -0.000281306 
-2.59384 -2.59711 -0.00114202 0.00146796 -0.12479 0.000184716 -0.00032819 
-2.53582 -2.53956 -0.00130516 0.00167767 -0.142617 0.000211104 -0.000375075 
-2.47779 -2.482 -0.00146831 0.00188738 -0.160444 0.000237492 -0.000421959 
-2.41977 -2.42445 -0.00163146 0.00209708 -0.178271 0.00026388 -0.000468843 
-2.36175 -2.36689 -0.0017946 0.00230679 -0.196099 0.000290268 -0.000515728 
-2.30372 -2.30934 -0.00195775 0.0025165 -0.213926 0.000316656 -0.000562612 
-2.2457 -2.25178 -0.00212089 0.00272621 -0.231753 0.000343044 -0.000609496 
-2.24906 -2.24609 -0.0161857 0.000217326 -0.199175 0.0156959 -0.029494 
-2.25744 -2.23462 -0.0270879 0.0249096 -0.161066 0.00885594 -0.0242429 
-2.26636 -2.21249 -0.0079568 0.0396569 -0.150483 0.025917 -0.00962881 
-2.28158 -2.18752 -0.0302238 0.0587513 -0.133031 0.0290713 -0.000832191 
-2.29779 -2.15023 -0.0305827 0.0401335 -0.119012 0.0186084 0.0150479 
-2.31592 -2.11139 -0.0242239 0.0181711 -0.102834 0.0243194 0.0219787 
-2.33632 -2.06955 -0.0271781 0.00101356 -0.0968366 0.0372751 0.0363621 
-2.36641 -2.02952 -0.0274777 0.0100655 -0.0666342 0.037089 0.0465385 
-2.39734 -2.00221 -0.0344469 0.0011874 -0.0513423 0.0241937 0.0612451 
-2.41717 -1.97779 -0.0560364 0.0180443 -0.0438519 0.0456489 0.0600951 
-2.42567 -1.93676 -0.0472888 -0.0140096 -0.0349859 0.0479721 0.0662055 
-2.43999 -1.8909 -0.0400249 -0.00807252 -0.0243935 0.0595668 0.0827694 
-2.4582 -1.86167 -0.05755 0.00637449 -0.00537995 0.0452548 0.0830398 
-2.46925 -1.84764 -0.0418316 0.025359 0.0250397 0.0516624 0.0936428 
-2.46716 -1.84733 -0.0244185 0.0506005 0.0510634 0.0692048 0.105302 
-2.48594 -1.81924 -0.0160246 0.0650536 0.0620863 0.0816373 0.0853954 
-2.50237 -1.79595 0.00855352 0.0549184 0.0627451 0.0918343 0.0594668 
-2.51931 -1.78052 0.0236937 0.055468 0.0441999 0.0670919 0.0775722 
-2.52406 -1.78228 0.0542104 0.0688869 0.0377247 0.0560778 0.111084 
-2.52709 -1.77069 0.0402611 0.0805805 0.0616873 0.0427917 0.136217 
-2.54239 -1.72702 0.0473097 0.105344 0.0756642 0.0504117 0.136532 
-2.55563 -1.70991 0.0456875 0.121641 0.08929 0.0246517 0.157591 
-2.55925 -1.69172 0.0758378 0.13344 0.0968993 0.0322515 0.18189 
-2.56277 -1.67845 0.0934904 0.148371 0.103832 0.00830044 0.159085 
-2.56958 -1.66666 0.0988033 0.178958 0.121203 0.0142109 0.18629 
-2.58223 -1.62763 0.110432 0.162674 0.12596 -0.00356913 0.194804 
-2.60136 -1.60414 0.12763 0.160878 0.108118 -0.00851357 0.222736 
-2.61563 -1.59368 0.122704 0.174091 0.0779931 0.00527724 0.24299 
-2.6325 -1.58809 0.141992 0.164013 0.066961 0.0253097 0.264783 
-2.65424 -1.56712 0.170888 0.176274 0.0526512 0.026944 0.277471 
-2.67112 -1.51438 0.1579 0.188291 0.0613874 0.0328779 0.28242 
-2.68196 -1.4679 0.160905 0.194896 0.0864337 0.0360193 0.296896 
-2.69821 -1.44472 0.182792 0.20769 0.101673 0.0225538 0.305208 
-2.70024 -1.4187 0.214167 0.218534 0.0902931 0.0331992 0.314866 
-2.7054 -1.39346 0.224344 0.198793 0.105667 0.0463156 0.330691 
-2.7034 -1.39197 0.257737 0.197292 0.088387 0.0898258 0.328877 
-2.72999 -1.38825 0.280727 0.181678 0.105598 0.100722 0.335316 
-2.73175 -1.34793 0.292254 0.190556 0.122053 0.122155 0.333967 
-2.71974 -1.3162 0.307123 0.201746 0.137044 0.0978635 0.333239 
-2.73379 -1.29407 0.3184 0.18105 0.139417 0.120302 0.350242 
-2.72072 -1.26661 0.337346 0.19846 0.138924 0.13306 0.370227 
-2.71716 -1.22662 0.351289 0.20692 0.138078 0.153104 0.386785 
-2.72472 -1.18455 0.361758 0.226284 0.13748 0.16174 0.404976 
-2.74271 -1.15218 0.360083 0.24473 0.133893 0.179887 0.426085 
-2.73999 -1.13896 0.377205 0.215756 0.122256 0.182093 0.452655 
-2.74563 -1.14088 0.393986 0.224305 0.0992598 0.20717 0.473298 
-2.74546 -1.13416 0.423864 0.234219 0.121872 0.226051 0.48529 
-2.75951 -1.10527 0.429284 0.249335 0.139782 0.244384 0.496387 
-2.74347 -1.09065 0.433261 0.274721 0.158983 0.230673 0.512404 
-2.75785 -1.06251 0.443418 0.293285 0.172725 0.211439 0.519105 
-2.75492 -1.06172 0.460263 0.320239 0.182956 0.189493 0.540097 
-2.76874 -1.02324 0.464139 0.348951 0.198603 0.198432 0.542042 
-2.7827 -1.01426 0.478242 0.364188 0.192001 0.171127 0.5622 
-2.79623 -0.996926 0.505945 0.36952 0.20063 0.18043 0.589236 
-2.75177 -0.957694 0.501853 0.372946 0.17255 0.180287 0.585741 
-2.70665 -0.917876 0.4977 0.376423 0.14405 0.180142 0.582194 
-2.66153 -0.878058 0.493546 0.3799 0.115551 0.179996 0.578647 
-2.61641 -0.838241 0.489393 0.383376 0.087051 0.179851 0.5751 
-2.57129 -0.798423 0.485239 0.386853 0.0585515 0.179706 0.571553 
-2.52617 -0.758606 0.481086 0.39033 0.0300519 0.179561 0.568006 
-2.48104 -0.718788 0.476932 0.393807 0.00155241 0.179415 0.564458 
-2.43592 -0.678971 0.472779 0.397284 -0.0269471 0.17927 0.560911 
-2.3908 -0.639153 0.468625 0.400761 -0.0554467 0.179125 0.557364 
-2.34568 -0.599336 0.464472 0.404238 -0.0839462 0.178979 0.553817 
-2.30056 -0.559518 0.460318 0.407715 -0.112446 0.178834 0.55027 
-2.25544 -0.519701 0.456165 0.411192 -0.140945 0.178689 0.546722 
-2.21032 -0.479883 0.452011 0.414668 -0.169445 0.178544 0.543175 
-2.1652 -0.440066 0.447858 0.418145 -0.197944 0.178398 0.539628 
-2.12008 -0.400248 0.443705 0.421622 -0.226444 0.178253 0.536081 
-2.07495 -0.360431 0.439551 0.425099 -0.254943 0.178108 0.532534 
-2.02983 -0.320613 0.435398 0.428576 -0.283443 0.177962 0.528986 
-1.98471 -0.280796 0.431244 0.432053 -0.311942 0.177817 0.525439 
-1.93959 -0.240978 0.427091 0.43553 -0.340442 0.177672 0.521892 
-1.89447 -0.201161 0.422937 0.439007 -0.368941 0.177527 0.518345 
-1.84935 -0.161343 0.418784 0.442484 -0.397441 0.177381 0.514798 
-1.80423 -0.121526 0.41463 0.44596 -0.425941 0.177236 0.511251 
-1.75911 -0.0817084 0.410477 0.449437 -0.45444 0.177091 0.507703 
-1.71399 -0.0418909 0.406323 0.452914 -0.48294 0.176945 0.504156 
-1.66886 -0.00207338 0.40217 0.456391 -0.511439 0.1768 0.500609 
-1.62374 0.0377441 0.398016 0.459868 -0.539939 0.176655 0.497062 
-1.57862 0.0775616 0.393863 0.463345 -0.568438 0.17651 0.493515 
-1.5335 0.117379 0.38971 0.466822 -0.596938 0.176364 0.489967 
-1.48838 0.157197 0.385556 0.470299 -0.625437 0.176219 0.48642 
-1.44326 0.197014 0.381403 0.473776 -0.653937 0.176074 0.482873 
-1.39814 0.236832 0.377249 0.477252 -0.682436 0.175928 0.479326 
-1.35302 0.276649 0.373096 0.480729 -0.710936 0.175783 0.475779 
-1.3079 0.316467 0.368942 0.484206 -0.739435 0.175638 0.472231 
-1.26277 0.356284 0.364789 0.487683 -0.767935 0.175493 0.468684 
-1.21765 0.396102 0.360635 0.49116 -0.796434 0.175347 0.465137 
-1.17253 0.435919 0.356482 0.494637 -0.824934 0.175202 0.46159 
-1.12741 0.475737 0.352328 0.498114 -0.853434 0.175057 0.458043 
-1.08229 0.515554 0.348175 0.501591 -0.881933 0.174911 0.454496 
-1.03717 0.555372 0.344021 0.505068 -0.910433 0.174766 0.450948 
-0.992048 0.595189 0.339868 0.508544 -0.938932 0.174621 0.447401 
-0.946927 0.635007 0.335715 0.512021 -0.967432 0.174475 0.443854 
-0.901806 0.674824 0.331561 0.515498 -0.995931 0.17433 0.440307 
-0.856685 0.714642 0.327408 0.518975 -1.02443 0.174185 0.43676 
-0.811564 0.754459 0.323254 0.522452 -1.05293 0.17404 0.433212 
-0.766442 0.794277 0.319101 0.525929 -1.08143 0.173894 0.429665 
-0.721321 0.834094 0.314947 0.529406 -1.10993 0.173749 0.426118 
-0.6762 0.873912 0.310794 0.532883 -1.13843 0.173604 0.422571 
-0.631079 0.913729 0.30664 0.53636 -1.16693 0.173458 0.419024 
-0.585958 0.953547 0.302487 0.539836 -1.19543 0.173313 0.415477 
-0.540837 0.993364 0.298333 0.543313 -1.22393 0.173168 0.411929 
-0.495716 1.03318 0.29418 0.54679 -1.25243 0.173023 0.408382 
-0.450595 1.073 0.290026 0.550267 -1.28093 0.172877 0.404835 
-0.405474 1.11282 0.285873 0.553744 -1.30943 0.172732 0.401288 
-0.360352 1.15263 0.281719 0.557221 -1.33793 0.172587 0.397741 
-0.315231 1.19245 0.277566 0.560698 -1.36643 0.172441 0.394193 
-0.27011 1.23227 0.273413 0.564175 -1.39492 0.172296 0.390646 
-0.224989 1.27209 0.269259 0.567652 -1.42342 0.172151 0.387099 
-0.179868 1.3119 0.265106 0.571129 -1.45192 0.172006 0.383552 
-0.134747 1.35172 0.260952 0.574605 -1.48042 0.17186 0.380005 
-0.0896257 1.39154 0.256799 0.578082 -1.50892 0.171715 0.376457 
-0.0445046 1.43136 0.252645 0.581559 -1.53742 0.17157 0.37291 
0.000616484 1.47117 0.248492 0.585036 -1.56592 0.171424 0.369363 
0.0457376 1.51099 0.244338 0.588513 -1.59442 0.171279 0.365816 
0.0908587 1.55081 0.240185 0.59199 -1.62292 0.171134 0.362269 
0.13598 1.59063 0.236031 0.595467 -1.65142 0.170989 0.358722 
0.181101 1.63044 0.231878 0.598944 -1.67992 0.170843 0.355174 
0.226222 1.67026 0.227724 0.602421 -1.70842 0.170698 0.351627 
0.271343 1.71008 0.223571 0.605897 -1.73692 0.170553 0.34808 
0.316464 1.7499 0.219418 0.609374 -1.76542 0.170407 0.344533 
0.361585 1.78971 0.215264 0.612851 -1.79392 0.170262 0.340986 
0.406706 1.82953 0.211111 0.616328 -1.82242 0.170117 0.337438 
0.451828 1.86935 0.206957 0.619805 -1.85092 0.169972 0.333891 
0.496949 1.90917 0.202804 0.623282 -1.87942 0.169826 0.330344 
0.54207 1.94898 0.19865 0.626759 -1.90792 0.169681 0.326797 
0.587191 1.9888 0.194497 0.630236 -1.93642 0.169536 0.32325 
0.632312 2.02862 0.190343 0.633713 -1.96492 0.16939 0.319702 
0.677433 2.06844 0.18619 0.637189 -1.99341 0.169245 0.316155 
0.722554 2.10825 0.182036 0.640666 -2.02191 0.1691 0.312608 
0.767675 2.14807 0.177883 0.644143 -2.05041 0.168955 0.309061 
0.812797 2.18789 0.173729 0.64762 -2.07891 0.168809 0.305514 
0.861955 2.19627 0.161822 0.640355 -2.07926 0.184469 0.290557 
0.899869 2.20381 0.174977 0.630309 -2.07333 0.192129 0.315111 
0.944541 2.17831 0.18906 0.617546 -2.07024 0.201635 0.30599 
0.983251 2.16467 0.182708 0.609789 -2.08806 0.2103 0.287632 
1.01603 2.19251 0.164259 0.603123 -2.08476 0.198956 0.270408 
1.03141 2.20853 0.151531 0.596339 -2.06855 0.176667 0.290203 
1.04625 2.25691 0.140782 0.576732 -2.0559 0.17138 0.291295 
1.07979 2.26734 0.155583 0.561637 -2.07397 0.159189 0.286581 
1.12434 2.3009 0.156298 0.554225 -2.05398 0.149989 0.293491 
1.16756 2.29866 0.174614 0.544916 -2.05515 0.139782 0.311207 
1.20019 2.32938 0.176022 0.525345 -2.04837 0.130131 0.293429 
1.2139 2.33891 0.154877 0.525656 -2.04119 0.090637 0.278254 
1.24319 2.3821 0.152342 0.517491 -2.03751 0.0718875 0.263576 
1.24933 2.36231 0.158591 0.487662 -2.02724 0.0902046 0.248946 
1.28864 2.35625 0.14529 0.471997 -2.00821 0.0801827 0.246741 
1.31979 2.32904 0.148202 0.45005 -1.98222 0.0748068 0.244337 
1.3168 2.32076 0.168776 0.420167 -1.97954 0.0855667 0.217031 
1.3519 2.28113 0.176998 0.399926 -1.97391 0.0919401 0.223617 
1.3987 2.26715 0.175655 0.383577 -1.96547 0.100003 0.24058 
1.41787 2.24025 0.155297 0.375825 -1.95392 0.101648 0.266251 
1.43061 2.21915 0.12884 0.367617 -1.94397 0.127615 0.271021 
1.46593 2.20349 0.117843 0.350777 -1.92878 0.130823 0.255894 
1.50192 2.23642 0.112396 0.337154 -1.91405 0.12768 0.241625 
1.52586 2.22285 0.0903058 0.32671 -1.90581 0.145078 0.227313 
1.54673 2.25477 0.106956 0.305037 -1.8994 0.136004 0.219258 
1.59141 2.23214 0.0855081 0.298164 -1.89259 0.136677 0.205148 
1.60639 2.24225 0.0833158 0.279275 -1.87639 0.140661 0.164479 
1.65211 2.23196 0.0833419 0.268956 -1.86639 0.109018 0.163338 
1.68859 2.22637 0.0756436 0.248432 -1.86434 0.121794 0.143291 
1.72535 2.21375 0.0635783 0.235281 -1.8497 0.10931 0.134496 
1.74032 2.20363 0.0856791 0.21303 -1.84429 0.094805 0.152163 
1.75841 2.1829 0.0712511 0.200994 -1.82099 0.0722586 0.151988 
1.78567 2.1873 0.0811372 0.177112 -1.82044 0.0883433 0.130001 
1.80499 2.16248 0.0800969 0.170935 -1.80104 0.0636636 0.112746 
1.82383 2.14682 0.0660275 0.152321 -1.79316 0.0354619 0.119476 
1.86936 2.15143 0.0622968 0.134729 -1.78991 0.0174978 0.107778 
1.88182 2.14587 0.0753206 0.120422 -1.76836 -0.0035598 0.0913626 
1.91664 2.1458 0.0826181 0.105346 -1.75517 -0.0185921 0.0767741 
1.9384 2.11541 0.0680766 0.0764327 -1.75491 -0.000885741 0.0779717 
1.9658 2.10396 0.065808 0.0380606 -1.74434 0.00181198 0.0615689 
1.96971 2.09729 0.0736178 0.011316 -1.70866 0.0122322 0.0499609 
1.9661 2.06805 0.101347 0.000799496 -1.70008 -0.00433255 0.0428076 
1.96864 2.06692 0.0862924 -0.0287563 -1.68458 0.0128782 0.0229028 
1.98848 2.04553 0.0789631 -0.0115778 -1.6587 -0.00562914 0.0209772 
2.00381 2.02335 0.0671255 -0.00657662 -1.64429 -0.028499 0.0399028 
1.99978 2.03511 0.0405976 -0.0210897 -1.61587 -0.0275559 0.0227256 
2.00241 2.00655 0.0243559 -0.0164122 -1.59447 -0.00221071 0.0263728 
2 2 0 0 -1.5708 0 0 

