-4 -4 0 0 0 0 0 
-3.91109 -3.9875 0.00737386 0.0367415 -0.0052231 0.0240301 0.0368438 
-3.84903 -3.88565 0.0190583 0.0284797 -0.00262923 0.00634191 0.0773434 
-3.8581 -3.80163 0.0441297 0.0472522 -0.0260159 -0.0101991 0.109064 
-3.78026 -3.73832 0.0376343 0.0637116 -0.00466164 0.0283504 0.125877 
-3.78538 -3.67639 0.030177 0.0256613 0.0248996 0.054944 0.08968 
-3.70938 -3.58689 0.00743765 0.0141921 0.0560727 0.0640204 0.0815518 
-3.56997 -3.45003 0.00728311 0.0138972 0.0549076 0.0626902 0.0798573 
-3.49661 -3.37951 0.0055637 0.0444198 0.0891122 0.0618962 0.0488586 
-3.43259 -3.31045 0.0276065 0.0258448 0.0582087 0.068312 0.0209638 
-3.34331 -3.30686 0.0556024 0.0552969 0.096172 0.0834977 0.021007 
-3.27937 -3.21671 0.0639828 0.0249568 0.0809487 0.0906608 -0.00736884 
-3.17187 -3.21356 0.0784541 0.0470973 0.0964855 0.119796 -0.0185401 
-3.05348 -3.14665 0.0830781 0.0565841 0.112755 0.117785 0.0130744 
-2.96687 -3.07189 0.0626925 0.0907264 0.0990702 0.122534 0.0257042 
-2.90171 -3.09013 0.0281331 0.064903 0.0632281 0.121773 -0.00965114 
-2.84711 -3.10059 -0.00433391 0.0296981 0.0324432 0.123857 -0.053514 
-2.71448 -3.13003 -0.0216516 0.0295884 0.0339354 0.0799326 -0.0548111 
-2.65914 -3.11131 -0.0585583 -0.00796231 0.0330527 0.120282 -0.0807003 
-2.58386 -3.13332 -0.0190187 -0.0394276 0.0207275 0.1257 -0.113526 
-2.5337 -3.0311 -0.0347644 -0.050401 0.0321293 0.15909 -0.128148 
-2.48889 -2.94749 0.000825803 -0.0649517 0.0527884 0.179412 -0.142165 
-2.41733 -2.88758 0.0327178 -0.0797878 0.0674544 0.217673 -0.149187 
-2.34822 -2.83527 0.064098 -0.0787208 0.0768536 0.190638 -0.193629 
-2.26701 -2.7537 0.0509389 -0.0730761 0.0938425 0.165735 -0.217825 
-2.22386 -2.68143 0.0924303 -0.123437 0.0862258 0.176278 -0.212002 
-2.14994 -2.68475 0.112725 -0.156072 0.118549 0.145569 -0.222052 
-2.11193 -2.5907 0.121308 -0.127446 0.124676 0.101349 -0.233055 
-2.05168 -2.58887 0.155108 -0.139482 0.080616 0.0522806 -0.23381 
-1.92839 -2.45247 0.151322 -0.136078 0.0786486 0.0510047 -0.228104 
-1.82879 -2.47526 0.177363 -0.147254 0.0527785 0.0182711 -0.226098 
-1.70688 -2.33703 0.172885 -0.143536 0.051446 0.0178098 -0.22039 
-1.62701 -2.31768 0.213001 -0.143857 0.0106806 0.0325925 -0.24222 
-1.62383 -2.23867 0.243262 -0.136921 -0.00990424 0.0653648 -0.211846 
-1.56958 -2.17991 0.249655 -0.157787 0.0197035 0.104896 -0.188218 
-1.4885 -2.13725 0.247898 -0.200691 0.031916 0.108271 -0.140082 
-1.36961 -2.00117 0.241332 -0.195375 0.0310706 0.105403 -0.136371 
-1.31005 -1.99101 0.206933 -0.151167 0.0361237 0.0858324 -0.172715 
-1.31255 -1.97293 0.267327 -0.0963485 0.0203454 0.0575784 -0.195221 
-1.29182 -1.90679 0.242519 -0.0607879 0.0319157 0.0281497 -0.165897 
-1.24332 -1.92257 0.274968 -0.0385065 0.0761804 0.0502775 -0.138023 
-1.14068 -1.9362 0.258045 0.00428978 0.0800804 0.0509128 -0.170225 
-1.02248 -1.79529 0.250679 0.00416733 0.0777945 0.0494595 -0.165366 
-0.982081 -1.80443 0.207752 0.0221556 0.106474 0.0786353 -0.205172 
-0.986754 -1.76908 0.16016 0.0710548 0.140202 0.108448 -0.20086 
-0.930654 -1.72066 0.124018 0.0950153 0.115055 0.116211 -0.233741 
-0.885675 -1.69306 0.0990289 0.100432 0.0713619 0.150038 -0.273042 
-0.784089 -1.688 0.0980599 0.13711 0.0870798 0.171679 -0.249759 
-0.775792 -1.6216 0.0608891 0.154265 0.0601979 0.198383 -0.224591 
-0.680405 -1.69128 0.0454881 0.162437 0.0509424 0.149783 -0.224148 
-0.655859 -1.70315 0.0149944 0.21019 0.0624929 0.10244 -0.259744 
-0.612852 -1.63675 -0.0162856 0.227983 0.0356505 0.0830586 -0.23415 
-0.563924 -1.65567 -0.0568636 0.201952 0.0292944 0.0306872 -0.211945 
-0.507856 -1.60052 -0.0505212 0.240139 0.0374135 -0.0149953 -0.18892 
-0.419593 -1.6051 -0.0581891 0.271677 0.0569588 0.0263753 -0.177424 
-0.334356 -1.58829 -0.0417836 0.273827 0.0199071 0.0370115 -0.130545 
-0.240362 -1.58535 -0.0260775 0.296572 0.0180584 0.0417222 -0.191494 
-0.19322 -1.54076 -0.0521198 0.306409 0.0463531 0.00748442 -0.228193 
-0.104782 -1.54027 -0.0359259 0.346791 0.0497056 0.00218718 -0.181858 
-0.0392924 -1.57687 -0.00217538 0.37355 0.0604636 0.032834 -0.204919 
0.0347686 -1.5547 0.0204359 0.382012 0.0290925 0.0171589 -0.249493 
0.119464 -1.52992 0.0024404 0.37168 0.0241618 0.0524257 -0.206266 
0.171863 -1.52755 -0.00931271 0.343002 0.041579 0.00752144 -0.161471 
0.242288 -1.51568 -0.00545505 0.304367 -0.0040685 -0.000540506 -0.129092 

