-3 -3 0 0 0 0 0 
-2.95282 -2.97468 0.0168433 -0.00991365 0.0141882 -0.00148112 -0.00402293 
-2.91333 -2.93877 0.00688545 -0.0267131 0.0239763 0.00777346 -0.00484931 
-2.92134 -2.88903 0.00480871 -0.0328245 0.0304389 -0.01279 -0.0192628 
-2.91487 -2.8516 -0.0103151 -0.0412939 0.0449101 -0.00806124 -0.0384759 
-2.90496 -2.81465 -0.029957 -0.0427147 0.03984 -0.0216947 -0.0604558 
-2.90832 -2.77049 -0.0434427 -0.0592908 0.0488866 -0.033448 -0.0556048 
-2.88087 -2.73177 -0.0267132 -0.0662284 0.0568615 -0.0319714 -0.0750232 
-2.87504 -2.69339 -0.0130543 -0.0510749 0.0729794 -0.0222447 -0.0815485 
-2.87499 -2.68244 -0.0218067 -0.0323628 0.0831955 -0.0607025 -0.0944522 
-2.85999 -2.67854 -0.0456648 -0.0439009 0.0981075 -0.0815383 -0.107814 
-2.8084 -2.64035 -0.0462127 -0.047148 0.117494 -0.0714891 -0.110398 
-2.76469 -2.59841 -0.056675 -0.0386443 0.112692 -0.0796488 -0.117889 
-2.77675 -2.56873 -0.0588501 -0.0550495 0.145541 -0.0895957 -0.124473 
-2.78857 -2.53038 -0.0707286 -0.0613575 0.168067 -0.0921345 -0.141091 
-2.75034 -2.47741 -0.0747701 -0.068389 0.183366 -0.0940763 -0.134728 
-2.74488 -2.43934 -0.0635688 -0.0814736 0.191437 -0.0758262 -0.145667 
-2.75032 -2.4247 -0.0392045 -0.089646 0.201696 -0.0592928 -0.170719 
-2.69296 -2.37128 -0.0387311 -0.0885635 0.199261 -0.0585768 -0.187625 
-2.65565 -2.37575 -0.0449765 -0.103957 0.216357 -0.0682023 -0.20169 
-2.62768 -2.33742 -0.0586794 -0.0900534 0.218333 -0.0763402 -0.216512 
-2.5757 -2.30579 -0.0521408 -0.0787167 0.222271 -0.0769874 -0.199816 
-2.5191 -2.25253 -0.0514958 -0.077743 0.219522 -0.076035 -0.216775 
-2.51447 -2.21441 -0.0680984 -0.0893348 0.225447 -0.0565926 -0.224818 
-2.48367 -2.23666 -0.0783361 -0.0816387 0.231157 -0.0371595 -0.243744 
-2.42708 -2.18319 -0.0773475 -0.0806084 0.228239 -0.0366906 -0.260491 
-2.3705 -2.12972 -0.0763589 -0.0795781 0.225322 -0.0362216 -0.277238 
-2.32857 -2.13629 -0.095204 -0.0648462 0.233121 -0.0223324 -0.274945 
-2.27688 -2.12496 -0.0942165 -0.0619547 0.256954 -0.0122365 -0.284222 
-2.221 -2.07107 -0.0929855 -0.0611452 0.253597 -0.0120767 -0.301032 
-2.1873 -2.07452 -0.0941357 -0.0468904 0.280904 -0.0189784 -0.317542 
-2.14724 -2.07096 -0.102731 -0.0584488 0.263468 -0.0358692 -0.322836 
-2.1122 -2.05987 -0.103899 -0.0423668 0.236196 -0.0232555 -0.328955 
-2.07726 -2.03203 -0.0964683 -0.0565578 0.247961 -0.0077274 -0.335359 
-2.07438 -1.9939 -0.0935547 -0.0325828 0.260742 -0.00994552 -0.355241 
-2.03674 -1.99084 -0.102131 -0.0179463 0.246171 -0.00196009 -0.371702 
-2.0449 -1.97267 -0.0991075 0.00254278 0.225962 -0.0244166 -0.385611 
-2.03411 -1.96644 -0.10162 0.0307554 0.245676 -0.0439933 -0.403145 
-1.99173 -1.94341 -0.0972708 0.0373416 0.22898 -0.0219441 -0.405223 
-1.936 -1.88835 -0.0959127 0.0368202 0.225783 -0.0216377 -0.421497 
-1.90048 -1.88692 -0.0803443 0.016252 0.21792 -0.0367444 -0.426848 
-1.85021 -1.88625 -0.084698 0.0226953 0.203692 -0.0548981 -0.420305 
-1.7951 -1.83062 -0.0834858 0.0223705 0.200777 -0.0541124 -0.436772 
-1.77596 -1.82416 -0.108597 0.0119166 0.179555 -0.04538 -0.451046 
-1.72075 -1.76825 -0.107009 0.0117424 0.176929 -0.0447165 -0.467418 
-1.70801 -1.75314 -0.113258 0.0229093 0.152919 -0.0576531 -0.441541 
-1.68652 -1.72266 -0.0955391 0.0404291 0.143559 -0.0412032 -0.443201 
-1.65953 -1.73961 -0.0707812 0.0443207 0.134434 -0.0136956 -0.446048 
-1.63335 -1.70994 -0.0911672 0.0442576 0.120385 -0.00220744 -0.431599 
-1.60976 -1.67167 -0.0779786 0.052797 0.112797 -0.0134834 -0.446044 
-1.56978 -1.64069 -0.101264 0.0577272 0.115905 5.51661e-06 -0.450656 
-1.54542 -1.61745 -0.0800718 0.0535677 0.109493 0.0229499 -0.462283 
-1.49636 -1.56532 -0.0801232 0.0488289 0.103753 0.0347935 -0.456239 
-1.4676 -1.53503 -0.0616959 0.0607833 0.121526 0.0347215 -0.466238 
-1.41286 -1.47923 -0.060722 0.0598239 0.119608 0.0341734 -0.483674 
-1.40902 -1.43565 -0.0680271 0.0350342 0.115219 0.0465833 -0.476308 
-1.37203 -1.42103 -0.082529 0.0546811 0.120556 0.0505386 -0.493088 
-1.31755 -1.36576 -0.0811957 0.0537976 0.118608 0.0497221 -0.5105 
-1.26307 -1.31049 -0.0798623 0.0529142 0.116661 0.0489056 -0.527912 
-1.23587 -1.29826 -0.0616186 0.0375062 0.0998971 0.0550818 -0.541494 
-1.23314 -1.28067 -0.061973 0.057919 0.080085 0.0823879 -0.555804 
-1.19275 -1.25228 -0.0744997 0.0457713 0.0730201 0.0969336 -0.560148 
-1.1473 -1.26068 -0.0865518 0.0502404 0.0671427 0.119703 -0.568757 
-1.10912 -1.26639 -0.0674808 0.0615426 0.0593253 0.134687 -0.576983 
-1.05576 -1.21032 -0.0663226 0.0604863 0.0583071 0.132375 -0.59404 
-1.01235 -1.21387 -0.0501377 0.0625483 0.0692096 0.115638 -0.604602 
-0.994504 -1.16233 -0.0740253 0.0640132 0.0861341 0.112711 -0.604862 
-0.966804 -1.128 -0.0776427 0.0749475 0.100217 0.10431 -0.58601 
-0.9487 -1.11815 -0.0784644 0.0975974 0.073568 0.126043 -0.593545 
-0.915859 -1.08613 -0.0878867 0.0958484 0.0568058 0.111812 -0.605512 
-0.887339 -1.04359 -0.0721031 0.0952441 0.0326912 0.113639 -0.599057 
-0.852211 -1.02054 -0.0664878 0.112458 0.0153002 0.0969946 -0.597934 
-0.838226 -0.969856 -0.0557399 0.115339 -0.00107704 0.0796003 -0.597954 
-0.806832 -0.982791 -0.0807024 0.112668 -0.00638118 0.0521449 -0.603607 
-0.774728 -0.964858 -0.098359 0.114654 -0.0159015 0.0753614 -0.614454 
-0.757007 -0.951466 -0.100567 0.0986021 -0.0365241 0.049132 -0.62713 
-0.725116 -0.961381 -0.0911032 0.0872775 -0.0272752 0.0296968 -0.644261 
-0.718129 -0.962371 -0.0773021 0.0784508 0.00246637 0.0148609 -0.669999 
-0.664773 -0.904221 -0.0757847 0.0769109 0.00241796 0.0145692 -0.687681 
-0.630638 -0.905645 -0.0582768 0.0690169 -0.01752 -0.00481832 -0.688789 
-0.598392 -0.89364 -0.0333274 0.0669661 0.0151536 -0.00812345 -0.686177 
-0.545334 -0.834553 -0.0326468 0.0655987 0.0148442 -0.00795758 -0.70424 
-0.5213 -0.828871 -0.0105268 0.065527 0.0361997 0.0108106 -0.717229 
-0.521363 -0.787633 0.0095581 0.0750643 0.0435909 -0.00579605 -0.72237 
-0.500755 -0.760764 0.0330009 0.0712743 0.0535564 -0.0153221 -0.702957 
-0.473254 -0.731394 0.0449378 0.0489712 0.0591723 -0.0049919 -0.712535 
-0.420644 -0.673293 0.0439819 0.0479295 0.0579136 -0.00488572 -0.730792 
-0.379462 -0.659921 0.0481433 0.0744494 0.0672099 0.00913724 -0.728091 
-0.366762 -0.631813 0.0585047 0.0932009 0.0562498 0.0159326 -0.705802 
-0.320558 -0.629353 0.0535059 0.0987632 0.0485087 -0.00959611 -0.715702 
-0.278098 -0.616809 0.0306579 0.103727 0.0598531 -0.0181389 -0.707676 
-0.227975 -0.559234 0.0299834 0.101445 0.0585362 -0.0177398 -0.726667 
-0.198048 -0.562473 0.0486116 0.0958896 0.0461675 -0.036313 -0.74144 
-0.157327 -0.519461 0.0451377 0.0779726 0.0453792 -0.0465242 -0.749819 
-0.107766 -0.461581 0.0441007 0.0761813 0.0443367 -0.0454553 -0.76868 
-0.0798709 -0.437885 0.0588982 0.0903752 0.0526987 -0.0307391 -0.757351 
-0.0485777 -0.434307 0.0599067 0.071079 0.0765821 -0.0264988 -0.737276 
-0.0143018 -0.399136 0.041074 0.0752211 0.0606704 -0.0224682 -0.729304 
0.0339618 -0.341651 0.0400899 0.0734188 0.0592167 -0.0219298 -0.749466 
0.0651953 -0.324142 0.0457787 0.0592627 0.0499775 -0.00179433 -0.734492 
0.0692476 -0.282935 0.0600337 0.0539595 0.0446875 -0.0293069 -0.72826 
0.0748182 -0.266766 0.0857143 0.0258918 0.0396065 -0.0408878 -0.740748 
0.122994 -0.210042 0.0835694 0.0252439 0.0386153 -0.0398647 -0.761519 
0.171171 -0.153318 0.0814245 0.024596 0.0376242 -0.0388415 -0.782291 
0.217648 -0.109909 0.105676 0.0219858 0.0429876 -0.0407063 -0.784604 
0.264015 -0.0813727 0.103677 0.0136633 0.070112 -0.0392107 -0.77799 
0.310559 -0.0255684 0.100897 0.013297 0.0682322 -0.0381594 -0.799246 
0.2997 -0.00584515 0.0834225 0.0155003 0.0329195 -0.0545922 -0.805308 
0.322145 -0.00140119 0.0627277 0.0387295 0.0290994 -0.081743 -0.807532 
0.306128 0.0256681 0.0413605 0.0287616 0.0319896 -0.0933698 -0.830227 
0.306951 0.0274178 0.00826998 0.0172758 0.033965 -0.120237 -0.854875 
0.284719 0.0495539 0.0188676 0.0390518 0.0614235 -0.128706 -0.855201 
0.340316 0.0807444 0.0199592 0.0577319 0.0499414 -0.133278 -0.855626 
0.318494 0.119969 0.0409614 0.0644001 0.0689187 -0.141103 -0.856266 
0.321633 0.152003 0.0194376 0.0912136 0.06197 -0.149913 -0.859983 
0.352004 0.188168 0.0328368 0.099328 0.053604 -0.165005 -0.867785 
0.329707 0.200146 0.0335293 0.141626 0.0646522 -0.180533 -0.872908 
0.341272 0.201621 0.0161274 0.150921 0.072663 -0.13927 -0.885278 
0.321098 0.225543 0.0289126 0.16957 0.0525059 -0.127969 -0.891092 
0.346959 0.255314 0.0109983 0.169927 0.0484451 -0.0913861 -0.892743 
0.353017 0.28514 -0.00352628 0.177621 0.0332028 -0.110621 -0.905612 
0.40192 0.336059 -0.00342158 0.172347 0.0322169 -0.107337 -0.925363 
0.434342 0.350811 -0.0192175 0.154983 0.0159735 -0.121207 -0.92647 
0.426378 0.377355 -0.0177396 0.129749 0.0111799 -0.105324 -0.951369 
0.476433 0.428969 -0.0171753 0.125622 0.0108243 -0.101974 -0.971072 
0.526488 0.480584 -0.016611 0.121495 0.0104686 -0.098624 -0.990775 
0.536192 0.508339 0.00930587 0.0950656 -0.00300218 -0.0958308 -0.992762 
0.587176 0.560292 0.00898175 0.0917545 -0.00289761 -0.0924931 -1.01289 
0.638159 0.612245 0.00865764 0.0884435 -0.00279305 -0.0891554 -1.03303 
0.689142 0.664199 0.00833352 0.0851324 -0.00268849 -0.0858177 -1.05316 
0.729607 0.683368 0.0203458 0.0898326 -0.0067719 -0.0538224 -1.05559 
0.780108 0.735707 0.019537 0.0862615 -0.0065027 -0.0516829 -1.07607 
0.814783 0.761471 0.01429 0.0700518 -0.020768 -0.0651342 -1.0837 
0.864758 0.813695 0.0136875 0.067098 -0.0198923 -0.0623878 -1.10424 
0.914733 0.865918 0.0130849 0.0641443 -0.0190166 -0.0596414 -1.12478 
0.889046 0.897009 -0.0019591 0.0393027 -0.0345575 -0.0588494 -1.12823 
0.940893 0.948485 -0.00186767 0.0374684 -0.0329448 -0.0561029 -1.14888 
0.992741 0.999961 -0.00177624 0.0356342 -0.031332 -0.0533565 -1.16954 
1.01148 1.01708 -0.0190906 0.0177114 -0.0385797 -0.0671606 -1.18787 
1.04161 1.01821 -0.0448868 0.0171284 -0.00803041 -0.0561098 -1.18973 
1.05181 1.00933 -0.0444086 -0.00929875 0.027817 -0.0499203 -1.20727 
1.10261 1.06241 -0.0420291 -0.0088005 0.0263265 -0.0472455 -1.22675 
1.15342 1.11549 -0.0396496 -0.00830225 0.024836 -0.0445706 -1.24623 
1.20423 1.16857 -0.03727 -0.00780401 0.0233455 -0.0418958 -1.26571 
1.19684 1.19831 -0.0475064 -0.00701926 -0.00295765 -0.0572253 -1.28242 
1.22104 1.23019 -0.0404294 0.0105564 -0.0206528 -0.0451545 -1.28797 
1.22647 1.24325 -0.041142 -0.0219204 -0.0329969 -0.0669248 -1.30652 
1.19297 1.27373 -0.033752 -0.0305496 -0.0108898 -0.0657864 -1.32196 
1.24767 1.32295 -0.0314645 -0.0284792 -0.0101518 -0.0613278 -1.33883 
1.30236 1.37218 -0.0291771 -0.0264087 -0.00941375 -0.0568693 -1.35569 
1.35706 1.4214 -0.0268896 -0.0243383 -0.00867571 -0.0524108 -1.37256 
1.36619 1.42594 -0.000520271 0.00483499 -0.00870752 -0.0392126 -1.35153 
1.4224 1.47684 -0.000474135 0.00440623 -0.00793535 -0.0357353 -1.37098 
1.4786 1.52775 -0.000427998 0.00397747 -0.00716319 -0.032258 -1.39042 
1.51686 1.551 0.0194545 -0.00173214 0.00891342 -0.0291939 -1.40092 
1.57122 1.60152 0.0172655 -0.00153724 0.00791049 -0.0259091 -1.42003 
1.62559 1.65204 0.0150764 -0.00134234 0.00690755 -0.0226242 -1.43915 
1.6549 1.68125 0.00302654 0.012849 -0.0162996 -0.0271216 -1.43447 
1.70677 1.72915 0.0025717 0.010918 -0.01385 -0.0230456 -1.45496 
1.75863 1.77706 0.00211685 0.00898697 -0.0114004 -0.0189696 -1.47545 
1.81049 1.82496 0.001662 0.00705595 -0.00895079 -0.0148937 -1.49594 
1.86236 1.87286 0.00120716 0.00512492 -0.0065012 -0.0108177 -1.51642 
1.91422 1.92077 0.000752312 0.0031939 -0.00405161 -0.00674166 -1.53691 
1.96608 1.96867 0.000297466 0.00126287 -0.00160201 -0.00266567 -1.5574 
2 2 0 0 0 0 -1.5708 

