-4 -4 0 0 0 0 0 
-3.96835 -3.81188 0.0949837 -0.0350199 -0.0945199 -0.0145295 0.0701818 
-3.83219 -3.56682 0.170267 -0.0365411 -0.158367 -0.0469507 0.0236022 
-3.71089 -3.3053 0.0728611 -0.0756885 -0.174548 -0.0150501 -0.00348442 
-3.46908 -3.25401 0.113191 0.0115028 -0.12202 0.0055867 -0.0556103 
-3.24603 -3.13078 0.207852 -0.0410763 -0.138397 0.0777198 -0.0461961 
-3.0577 -3.16576 0.242073 -0.105095 -0.0757644 0.183561 -0.087934 
-2.82216 -3.08936 0.231221 -0.0214658 -0.110066 0.265625 -0.0464011 
-2.50225 -2.75476 0.218516 -0.0202863 -0.104018 0.25103 -0.0438515 
-2.31925 -2.58532 0.247846 -0.11209 -0.188062 0.289888 -0.0372828 
-2.18154 -2.5093 0.286737 -0.1873 -0.261411 0.193301 0.0213822 
-1.93552 -2.5591 0.386776 -0.217263 -0.268198 0.17808 -0.0755895 
-1.80339 -2.40891 0.339669 -0.225624 -0.283983 0.056818 -0.183047 
-1.58429 -2.2476 0.290753 -0.169563 -0.21473 0.0150391 -0.194958 
-1.57291 -2.02171 0.278212 -0.100151 -0.0961803 -0.0370615 -0.173744 
-1.30535 -1.96307 0.204179 -0.0843788 -0.115897 -0.122237 -0.142353 
-1.00799 -1.62028 0.190077 -0.078551 -0.107893 -0.113795 -0.132521 
-0.788378 -1.58827 0.169951 -0.108598 0.017169 -0.145949 -0.0618435 
-0.494871 -1.23279 0.156784 -0.100184 0.0158388 -0.134641 -0.0570522 
-0.451479 -1.1132 0.0485225 -0.0835795 -0.00633414 -0.0254081 0.0594601 
-0.440317 -0.925993 -0.0136268 -0.0424998 0.0877697 -0.118811 0.0811809 
-0.394964 -0.753292 0.0578975 0.00194109 0.155773 -0.227908 0.109559 
-0.342639 -0.629806 0.109919 -0.0742516 0.0688874 -0.265991 0.222262 
-0.24683 -0.503562 0.156972 -0.005601 -0.0295676 -0.337438 0.278174 
-0.1538 -0.322138 0.207039 -0.0944524 -0.113134 -0.290374 0.304739 
0.00697872 -0.312309 0.233532 -0.0577547 -0.118594 -0.394882 0.138978 
0.283701 -0.00606698 0.211941 -0.0524149 -0.107629 -0.358373 0.126129 
0.560422 0.300175 0.19035 -0.0470752 -0.0966647 -0.321864 0.113279 
0.637988 0.494301 0.238106 -0.0978067 -0.212104 -0.265867 0.0922529 
0.541163 0.688247 0.31546 -0.121216 -0.141181 -0.163216 0.0833623 
0.745413 0.984348 0.358862 -0.13232 -0.119223 -0.225332 0.0816563 
0.889778 1.10458 0.246276 -0.128893 -0.11695 -0.109238 0.159401 
1.18309 1.36803 0.212045 -0.110977 -0.100694 -0.0940542 0.137245 
1.33306 1.35999 0.219658 -0.0676989 0.0224807 -0.153767 0.0212127 
1.62828 1.65043 0.180757 -0.0557094 0.0184993 -0.126535 0.0174559 
1.92349 1.94088 0.141855 -0.0437199 0.014518 -0.0993025 0.0136991 
2.21871 2.23133 0.102954 -0.0317305 0.0105367 -0.0720704 0.00994237 
2.51392 2.52177 0.0640524 -0.019741 0.00655536 -0.0448384 0.00618561 
2.80914 2.81222 0.0251509 -0.00775152 0.00257404 -0.0176063 0.00242885 
3 3 0 0 0 0 0 

