SE2 0.4
-5 -6 1.5708 1 
-4.99985 -5.95 1.56498 1 
-4.99942 -5.9 1.55916 1 
-4.99869 -5.85001 1.55334 1 
-4.99767 -5.80002 1.54753 1 
-4.99636 -5.75004 1.54171 1 
-4.9936 -5.70012 1.48935 1 
-4.98823 -5.65041 1.43699 1 
-4.98027 -5.60106 1.38463 1 
-4.96973 -5.55219 1.33227 1 
-4.95665 -5.50393 1.27991 1 
-4.94106 -5.45643 1.22755 1 
-4.92301 -5.40981 1.17519 1 
-4.90254 -5.3642 1.12283 1 
-4.87972 -5.31972 1.07047 1 
-4.8546 -5.27649 1.01811 1 
-4.82947 -5.23327 1.07047 1 
-4.80665 -5.18879 1.12283 1 
-4.78618 -5.14318 1.17519 1 
-4.76813 -5.09656 1.22755 1 
-4.75254 -5.04905 1.27991 1 
-4.73946 -5.0008 1.33227 1 
-4.72892 -4.95193 1.38463 1 
-4.72096 -4.90257 1.43699 1 
-4.71559 -4.85287 1.48935 1 
-4.71283 -4.80295 1.54171 1 
-4.71006 -4.75303 1.48935 1 
-4.70469 -4.70333 1.43699 1 
-4.69673 -4.65397 1.38463 1 
-4.68619 -4.6051 1.33227 1 
-4.67311 -4.55685 1.27991 1 
-4.65753 -4.50935 1.22755 1 
-4.63947 -4.46272 1.17519 1 
-4.61901 -4.41711 1.12283 1 
-4.59618 -4.37263 1.07047 1 
-4.57106 -4.32941 1.01811 1 
-4.54371 -4.28756 0.965749 1 
-4.5142 -4.2472 0.913389 1 
-4.48263 -4.20844 0.861029 1 
-4.44907 -4.17138 0.808669 1 
-4.41361 -4.13613 0.756309 1 
-4.37816 -4.10089 0.808669 1 
-4.3446 -4.06383 0.861029 1 
-4.31302 -4.02507 0.913389 1 
-4.28352 -3.98471 0.965749 1 
-4.25617 -3.94286 1.01811 1 
-4.22882 -3.90101 0.965749 1 
-4.19931 -3.86065 0.913389 1 
-4.16774 -3.82189 0.861029 1 
-4.13418 -3.78483 0.808669 1 
-4.09872 -3.74958 0.756309 1 
-4.06147 -3.71624 0.703949 1 
-4.02253 -3.68489 0.65159 1 
-3.982 -3.65562 0.59923 1 
-3.93999 -3.62852 0.54687 1 
-3.89662 -3.60365 0.49451 1 
-3.85201 -3.58108 0.44215 1 
-3.80628 -3.56088 0.38979 1 
-3.75955 -3.5431 0.33743 1 
-3.71196 -3.52779 0.28507 1 
-3.66363 -3.51499 0.232711 1 
-3.61531 -3.50219 0.28507 1 
-3.56771 -3.48688 0.33743 1 
-3.52099 -3.4691 0.38979 1 
-3.47526 -3.44889 0.44215 1 
-3.43065 -3.42633 0.49451 1 
-3.38728 -3.40146 0.54687 1 
-3.34527 -3.37435 0.59923 1 
-3.30474 -3.34508 0.65159 1 
-3.26579 -3.31373 0.703949 1 
-3.22854 -3.28039 0.756309 1 
-3.19309 -3.24514 0.808669 1 
-3.15953 -3.20808 0.861029 1 
-3.12795 -3.16932 0.913389 1 
-3.09845 -3.12896 0.965749 1 
-3.0711 -3.08711 1.01811 1 
-3.04598 -3.04389 1.07047 1 
-3.02315 -2.99941 1.12283 1 
-3.00268 -2.9538 1.17519 1 
-2.98463 -2.90718 1.22755 1 
-2.96904 -2.85967 1.27991 1 
-2.95596 -2.81142 1.33227 1 
-2.94543 -2.76255 1.38463 1 
-2.93746 -2.71319 1.43699 1 
-2.93209 -2.66349 1.48935 1 
-2.92933 -2.61357 1.54171 1 
-2.92657 -2.56365 1.48935 1 
-2.9212 -2.51395 1.43699 1 
-2.91323 -2.46459 1.38463 1 
-2.9027 -2.41572 1.33227 1 
-2.88962 -2.36747 1.27991 1 
-2.87403 -2.31997 1.22755 1 
-2.85598 -2.27334 1.17519 1 
-2.83551 -2.22773 1.12283 1 
-2.81268 -2.18325 1.07047 1 
-2.78756 -2.14003 1.01811 1 
-2.76021 -2.09818 0.965749 1 
-2.73071 -2.05782 0.913389 1 
-2.69913 -2.01906 0.861029 1 
-2.66557 -1.982 0.808669 1 
-2.63012 -1.94675 0.756309 1 
-2.59287 -1.91341 0.703949 1 
-2.55392 -1.88206 0.65159 1 
-2.51339 -1.85279 0.59923 1 
-2.47138 -1.82569 0.54687 1 
-2.42801 -1.80081 0.49451 1 
-2.38465 -1.77594 0.54687 1 
-2.34264 -1.74884 0.59923 1 
-2.30211 -1.71957 0.65159 1 
-2.26316 -1.68822 0.703949 1 
-2.22591 -1.65487 0.756309 1 
-2.18866 -1.62153 0.703949 1 
-2.14972 -1.59018 0.65159 1 
-2.10919 -1.56091 0.59923 1 
-2.06718 -1.53381 0.54687 1 
-2.02381 -1.50893 0.49451 1 
-1.9792 -1.48637 0.44215 1 
-1.93347 -1.46617 0.38979 1 
-1.88674 -1.44839 0.33743 1 
-1.83915 -1.43307 0.28507 1 
-1.79082 -1.42028 0.232711 1 
-1.74189 -1.41002 0.180351 1 
-1.69249 -1.40235 0.127991 1 
-1.64275 -1.39727 0.0756309 1 
-1.59282 -1.39479 0.0232711 1 
-1.54283 -1.39494 -0.0290888 1 
-1.49291 -1.3977 -0.0814487 1 
-1.4432 -1.40307 -0.133809 1 
-1.39385 -1.41104 -0.186168 1 
-1.34498 -1.42157 -0.238528 1 
-1.29672 -1.43465 -0.290888 1 
-1.24922 -1.45024 -0.343248 1 
-1.2026 -1.46829 -0.395608 1 
-1.15699 -1.48876 -0.447968 1 
-1.11251 -1.51159 -0.500328 1 
-1.06928 -1.53671 -0.552688 1 
-1.02606 -1.56183 -0.500328 1 
-0.981581 -1.58466 -0.447968 1 
-0.935969 -1.60513 -0.395608 1 
-0.889347 -1.62318 -0.343248 1 
-0.841845 -1.63876 -0.290888 1 
-0.794343 -1.65435 -0.343248 1 
-0.747721 -1.6724 -0.395608 1 
-0.702109 -1.69287 -0.447968 1 
-0.65763 -1.7157 -0.500328 1 
-0.614406 -1.74082 -0.552688 1 
-0.571183 -1.76594 -0.500328 1 
-0.526704 -1.78877 -0.447968 1 
-0.481091 -1.80924 -0.395608 1 
-0.43447 -1.82729 -0.343248 1 
-0.386967 -1.84288 -0.290888 1 
-0.338715 -1.85596 -0.238528 1 
-0.289843 -1.86649 -0.186168 1 
-0.240487 -1.87446 -0.133809 1 
-0.190782 -1.87983 -0.0814487 1 
-0.140864 -1.88259 -0.0290888 1 
-0.0908704 -1.88274 0.0232711 1 
-0.0409372 -1.88026 0.0756309 1 
0.00879821 -1.87518 0.127991 1 
0.0581995 -1.86751 0.180351 1 
0.107131 -1.85725 0.232711 1 
0.155681 -1.8453 0.250164 1 
0.204014 -1.8325 0.267617 1 
0.252116 -1.81886 0.28507 1 
0.299973 -1.80438 0.302524 1 
0.34757 -1.78906 0.319977 1 
0.395422 -1.77459 0.267617 1 
0.443966 -1.76263 0.215257 1 
0.49307 -1.75324 0.162897 1 
0.542597 -1.74642 0.110538 1 
0.592414 -1.74221 0.0581776 1 
0.64223 -1.738 0.110538 1 
0.691758 -1.73118 0.162897 1 
0.740861 -1.72179 0.215257 1 
0.789406 -1.70983 0.267617 1 
0.837258 -1.69536 0.319977 1 
0.884286 -1.67839 0.372337 1 
0.930363 -1.65899 0.424697 1 
0.975361 -1.63721 0.477057 1 
1.01916 -1.6131 0.529417 1 
1.06163 -1.58673 0.581776 1 
1.10267 -1.55817 0.634136 1 
1.14215 -1.52751 0.686496 1 
1.17998 -1.49482 0.738856 1 
1.21604 -1.46019 0.791216 1 
1.25025 -1.42373 0.843576 1 
1.28249 -1.38553 0.895936 1 
1.3127 -1.34569 0.948296 1 
1.34077 -1.30432 1.00066 1 
1.36665 -1.26154 1.05302 1 
1.39025 -1.21747 1.10538 1 
1.41151 -1.17222 1.15774 1 
1.43037 -1.12592 1.21009 1 
1.44678 -1.0787 1.26245 1 
1.4607 -1.03068 1.31481 1 
1.47209 -0.982 1.36717 1 
1.48348 -0.93332 1.31481 1 
1.4974 -0.885303 1.26245 1 
1.51381 -0.83808 1.21009 1 
1.53268 -0.791781 1.15774 1 
1.55394 -0.746532 1.10538 1 
1.57754 -0.702458 1.05302 1 
1.60341 -0.65968 1.00066 1 
1.63149 -0.618314 0.948296 1 
1.66169 -0.578475 0.895936 1 
1.69394 -0.540271 0.843576 1 
1.72618 -0.502066 0.895936 1 
1.75639 -0.462227 0.948296 1 
1.78446 -0.420861 1.00066 1 
1.81034 -0.378083 1.05302 1 
1.83394 -0.334009 1.10538 1 
1.85754 -0.289935 1.05302 1 
1.88341 -0.247157 1.00066 1 
1.91149 -0.205791 0.948296 1 
1.94169 -0.165952 0.895936 1 
1.97394 -0.127747 0.843576 1 
2.00618 -0.0895431 0.895936 1 
2.03639 -0.0497036 0.948296 1 
2.06446 -0.00833793 1.00066 1 
2.09034 0.0344405 1.05302 1 
2.11394 0.0785143 1.10538 1 
2.13753 0.122588 1.05302 1 
2.16341 0.165367 1.00066 1 
2.19149 0.206732 0.948296 1 
2.22169 0.246572 0.895936 1 
2.25394 0.284776 0.843576 1 
2.28814 0.32124 0.791216 1 
2.3242 0.355864 0.738856 1 
2.36203 0.388554 0.686496 1 
2.40151 0.419218 0.634136 1 
2.44255 0.447775 0.581776 1 
2.48359 0.476331 0.634136 1 
2.52307 0.506996 0.686496 1 
2.5609 0.539685 0.738856 1 
2.59696 0.574309 0.791216 1 
2.63116 0.610774 0.843576 1 
2.66341 0.648978 0.895936 1 
2.69361 0.688817 0.948296 1 
2.72169 0.730183 1.00066 1 
2.74756 0.772961 1.05302 1 
2.77116 0.817035 1.10538 1 
2.79242 0.862284 1.15774 1 
2.81129 0.908583 1.21009 1 
2.8277 0.955806 1.26245 1 
2.84162 1.00382 1.31481 1 
2.85301 1.0525 1.36717 1 
2.86383 1.10132 1.33809 1 
2.87607 1.14979 1.309 1 
2.88971 1.1979 1.27991 1 
2.90474 1.24558 1.25082 1 
2.92116 1.29281 1.22173 1 
2.9373 1.34013 1.26245 1 
2.9515 1.38806 1.30318 1 
2.96373 1.43654 1.3439 1 
2.97399 1.48547 1.38463 1 
2.98224 1.53478 1.42535 1 
2.98819 1.58442 1.47771 1 
2.99153 1.63431 1.53007 1 
2.99226 1.6843 1.58243 1 
2.99037 1.73425 1.63479 1 
2.98586 1.78404 1.68715 1 
2.98136 1.83384 1.63479 1 
2.97947 1.88379 1.58243 1 
2.9802 1.93378 1.53007 1 
2.98354 1.98367 1.47771 1 
2.98949 2.03331 1.42535 1 
2.99544 2.08294 1.47771 1 
2.99878 2.13283 1.53007 1 
2.99951 2.18282 1.58243 1 
2.99762 2.23277 1.63479 1 
2.99312 2.28257 1.68715 1 
2.98774 2.33228 1.6697 1 
2.98324 2.38207 1.65225 1 
2.97961 2.43194 1.63479 1 
2.97685 2.48186 1.61734 1 
2.97496 2.53183 1.59989 1 
2.97336 2.5818 1.6057 1 
2.97147 2.63176 1.61152 1 
2.96929 2.68172 1.61734 1 
2.96681 2.73166 1.62316 1 
2.96405 2.78158 1.62897 1 
2.95984 2.8314 1.68133 1 
2.95303 2.88092 1.73369 1 
2.94363 2.93003 1.78605 1 
2.93168 2.97857 1.83841 1 
2.9172 3.02642 1.89077 1 
2.90161 3.07393 1.88496 1 
2.8863 3.12153 1.87914 1 
2.87126 3.16921 1.87332 1 
2.8565 3.21699 1.8675 1 
2.84202 3.26484 1.86168 1 
2.82644 3.31235 1.91404 1 
2.80839 3.35897 1.9664 1 
2.78792 3.40458 2.01876 1 
2.76509 3.44906 2.07112 1 
2.73997 3.49228 2.12348 1 
2.71485 3.53551 2.07112 1 
2.69202 3.57998 2.01876 1 
2.67155 3.6256 1.9664 1 
2.6535 3.67222 1.91404 1 
2.63791 3.71972 1.86168 1 
2.62483 3.76797 1.80932 1 
2.6143 3.81685 1.75696 1 
2.60633 3.8662 1.7046 1 
2.60096 3.91591 1.65225 1 
2.5982 3.96582 1.59989 1 
2.59805 4.01582 1.54753 1 
2.60053 4.06575 1.49517 1 
2.60561 4.11549 1.44281 1 
2.61328 4.16489 1.39045 1 
2.62354 4.21382 1.33809 1 
2.63379 4.26275 1.39045 1 
2.64146 4.31215 1.44281 1 
2.64655 4.36189 1.49517 1 
2.64902 4.41182 1.54753 1 
2.64887 4.46182 1.59989 1 
2.64611 4.51173 1.65225 1 
2.64074 4.56144 1.7046 1 
2.63278 4.61079 1.75696 1 
2.62224 4.65967 1.80932 1 
2.60916 4.70792 1.86168 1 
2.59357 4.75542 1.91404 1 
2.57552 4.80204 1.9664 1 
2.55505 4.84766 2.01876 1 
2.53223 4.89213 2.07112 1 
2.5071 4.93536 2.12348 1 
2.47975 4.97721 2.17584 1 
2.45025 5.01757 2.2282 1 
2.41867 5.05633 2.28056 1 
2.38511 5.09338 2.33292 1 
2.34966 5.12863 2.38528 1 
2.31241 5.16198 2.43764 1 
2.27346 5.19333 2.49 1 
2.23293 5.22259 2.54236 1 
2.19092 5.2497 2.59472 1 
2.14756 5.27457 2.64708 1 
2.10294 5.29714 2.69944 1 
2.05721 5.31734 2.7518 1 
2.01049 5.33512 2.80416 1 
1.9629 5.35043 2.85652 1 
1.91457 5.36323 2.90888 1 
1.86624 5.37603 2.85652 1 
1.81865 5.39134 2.80416 1 
1.77192 5.40912 2.7518 1 
1.72619 5.42932 2.69944 1 
1.68158 5.45189 2.64708 1 
1.63821 5.47676 2.59472 1 
1.5962 5.50387 2.54236 1 
1.55567 5.53314 2.49 1 
1.51673 5.56449 2.43764 1 
1.47948 5.59783 2.38528 1 
1.44223 5.63117 2.43764 1 
1.40328 5.66252 2.49 1 
1.36275 5.69179 2.54236 1 
1.32074 5.7189 2.59472 1 
1.27737 5.74377 2.64708 1 
1.23276 5.76634 2.69944 1 
1.18703 5.78654 2.7518 1 
1.14031 5.80432 2.80416 1 
1.09272 5.81963 2.85652 1 
1.04439 5.83243 2.90888 1 
0.995455 5.84268 2.96124 1 
0.946054 5.85036 3.0136 1 
0.896318 5.85544 3.06596 1 
0.846385 5.85791 3.11832 1 
0.796391 5.85777 -3.1125 1 
0.746473 5.855 -3.06014 1 
0.696768 5.84963 -3.00778 1 
0.647412 5.84167 -2.95542 1 
0.598541 5.83113 -2.90306 1 
0.550288 5.81805 -2.8507 1 
0.502347 5.80385 -2.85652 1 
0.454324 5.78993 -2.86234 1 
0.406222 5.77629 -2.86816 1 
0.35804 5.76293 -2.87398 1 
0.309782 5.74984 -2.87979 1 
0.261846 5.73565 -2.82743 1 
0.214719 5.71896 -2.77507 1 
0.168531 5.69982 -2.72271 1 
0.123407 5.6783 -2.67035 1 
0.0794708 5.65445 -2.61799 1 
0.0366905 5.62857 -2.57727 1 
-0.0050009 5.60098 -2.53655 1 
-0.0455343 5.57171 -2.49582 1 
-0.0848424 5.54081 -2.4551 1 
-0.12286 5.50834 -2.41437 1 
-0.159919 5.47478 -2.39692 1 
-0.196387 5.44057 -2.37947 1 
-0.232253 5.40574 -2.36201 1 
-0.267504 5.37028 -2.34456 1 
-0.302132 5.33421 -2.32711 1 
-0.335477 5.29696 -2.27475 1 
-0.366826 5.25802 -2.22239 1 
-0.396094 5.21748 -2.17003 1 
-0.423201 5.17548 -2.11767 1 
-0.448072 5.13211 -2.06531 1 
-0.472943 5.08874 -2.11767 1 
-0.50005 5.04673 -2.17003 1 
-0.529318 5.0062 -2.22239 1 
-0.560667 4.96726 -2.27475 1 
-0.594012 4.93001 -2.32711 1 
-0.628218 4.89354 -2.32129 1 
-0.662211 4.85687 -2.31547 1 
-0.695991 4.82001 -2.30965 1 
-0.729555 4.78295 -2.30383 1 
-0.762903 4.74569 -2.29802 1 
-0.797106 4.70923 -2.35038 1 
-0.833169 4.6746 -2.40274 1 
-0.870996 4.64191 -2.4551 1 
-0.910481 4.61125 -2.50746 1 
-0.951517 4.58269 -2.55982 1 
-0.993992 4.55632 -2.61218 1 
-1.03779 4.53221 -2.66454 1 
-1.08279 4.51043 -2.7169 1 
-1.12886 4.49103 -2.76926 1 
-1.17589 4.47407 -2.82162 1 
-1.22366 4.45931 -2.86234 1 
-1.27199 4.44651 -2.90306 1 
-1.3208 4.43569 -2.94379 1 
-1.37001 4.42686 -2.98451 1 
-1.41954 4.42005 -3.02524 1 
-1.46907 4.41324 -2.98451 1 
-1.51829 4.40441 -2.94379 1 
-1.5671 4.39359 -2.90306 1 
-1.61543 4.38079 -2.86234 1 
-1.6632 4.36603 -2.82162 1 
-1.71023 4.34907 -2.76926 1 
-1.75725 4.33211 -2.82162 1 
-1.80511 4.31763 -2.87398 1 
-1.85365 4.30568 -2.92634 1 
-1.90275 4.29628 -2.9787 1 
-1.95228 4.28947 -3.03106 1 
-2.00196 4.28381 -3.02524 1 
-2.0516 4.27786 -3.01942 1 
-2.10121 4.27162 -3.0136 1 
-2.15079 4.26509 -3.00778 1 
-2.20032 4.25828 -3.00197 1 
-2.24989 4.25175 -3.01942 1 
-2.29957 4.24609 -3.03687 1 
-2.34934 4.2413 -3.05433 1 
-2.39918 4.23738 -3.07178 1 
-2.44909 4.23432 -3.08923 1 
-2.49905 4.23243 -3.11832 1 
-2.54905 4.232 3.13577 1 
-2.59904 4.23302 3.10669 1 
-2.64897 4.23549 3.0776 1 
-2.69882 4.23941 3.04851 1 
-2.74856 4.24449 3.03106 1 
-2.7982 4.25044 3.0136 1 
-2.84774 4.25726 2.99615 1 
-2.89714 4.26493 2.9787 1 
-2.94641 4.27347 2.96124 1 
-2.99546 4.28316 2.93215 1 
-3.04421 4.29426 2.90306 1 
-3.09261 4.30678 2.87398 1 
-3.14063 4.3207 2.84489 1 
-3.18823 4.33601 2.8158 1 
-3.23516 4.35325 2.76344 1 
-3.28112 4.37292 2.71108 1 
-3.32599 4.39496 2.65872 1 
-3.36965 4.41933 2.60636 1 
-3.41197 4.44594 2.554 1 
-3.45284 4.47474 2.50164 1 
-3.49214 4.50563 2.44928 1 
-3.52978 4.53854 2.39692 1 
-3.56564 4.57337 2.34456 1 
-3.59963 4.61004 2.2922 1 
-3.63166 4.64843 2.23984 1 
-3.66163 4.68844 2.18748 1 
-3.68946 4.72997 2.13512 1 
-3.71509 4.7729 2.08276 1 
-3.73843 4.81711 2.0304 1 
-3.75969 4.86236 1.98968 1 
-3.77909 4.90844 1.94895 1 
-3.7966 4.95527 1.90823 1 
-3.81219 5.00277 1.8675 1 
-3.82583 5.05087 1.82678 1 

