-1.5708 0 0 0
-1.5653 0.121245 1.36517 0.09
-1.56249 0.019476 -2.47318 0.04
-1.5647 -0.107976 -2.47318 0.05
-1.56802 -0.113279 -0.133147 0.03
-1.5693 -0.140916 -2.74252 0.01
-1.5706 -0.119337 2.16603 0.01
-1.57384 -0.0101151 2.16603 0.05
-1.57383 0.0118451 2.16603 0.01
-1.57151 0.104058 2.28393 0.04
-1.56553 0.19464 2.28393 0.04
-1.55555 0.00327628 -1.79735 0.1
-1.55606 -0.0541126 -2.72144 0.02
-1.55842 -0.0130425 0.717357 0.07
-1.56452 -0.189598 -2.84242 0.06
-1.56839 -0.197948 -0.37474 0.02
-1.57051 -0.225681 -2.75996 0.01
-1.5852 -0.360494 -2.75996 0.05
-1.60563 -0.455027 -2.12824 0.05
-1.62012 -0.510411 -2.25739 0.03
-1.64521 -0.491243 -0.223947 0.05
-1.70196 -0.634487 -2.42721 0.1
-1.73295 -0.602762 -0.800301 0.05
-1.78516 -0.549783 -1.25089 0.09
-1.83157 -0.475036 -1.48332 0.09
-1.86175 -0.383821 -1.37389 0.07
-1.86538 -0.342983 1.25226 0.01
-1.88385 -0.270779 -1.73477 0.06
-1.89362 -0.217435 -1.73477 0.04
-1.89964 -0.183529 -2.01078 0.03
-1.90355 -0.0766387 0.374252 0.03
-1.90497 -0.0658252 -2.67049 0.02
-1.90582 -0.0190396 -0.882983 0.02
-1.90593 -0.00292492 -1.61464 0.01
-1.88812 0.445985 2.43973 0.08
-1.87811 0.555099 2.43973 0.02
-1.8253 0.948013 2.87217 0.07
-1.81555 1.00097 2.87217 0.01
-1.7394 1.16609 0.336881 0.07
-1.66167 1.41735 2.90664 0.06
-1.57258 1.54373 1.64588 0.06
-1.50966 1.59799 1.64588 0.04
-1.4938 1.57518 -1.60443 0.01
-1.41484 1.5767 1.17009 0.05
-1.36717 1.59888 2.49287 0.03
-1.26782 1.22869 -2.81054 0.07
-1.23359 1.05165 -2.81054 0.03
-1.21301 1.00624 1.07073 0.02
-1.16334 0.644784 -2.3455 0.06
-1.15085 0.604225 1.91629 0.02
-1.10728 0.479762 2.64508 0.08
-1.09017 0.00726238 -2.26506 0.07
-1.09139 -0.128682 -2.26506 0.02
-1.10632 -0.467356 -2.30138 0.05
-1.13854 -0.60385 1.98356 0.06
-1.15966 -0.803356 -2.6305 0.03
-1.20276 -0.917254 1.45197 0.05
-1.21222 -0.975295 -2.3175 0.01
-1.25574 -1.19794 -2.3175 0.04
-1.36 -1.39538 0.0930844 0.08
-1.45164 -1.65053 -2.62965 0.06
-1.55755 -1.86942 -2.98878 0.06
-1.63462 -1.97919 -2.98878 0.04
-1.77749 -2.08636 -2.8466 0.07
-1.88196 -2.08454 -2.47445 0.05
-2.04673 -2.01477 -2.88967 0.08
-2.19899 -1.77477 -2.15319 0.08
-2.23375 -1.69977 -2.15319 0.02
-2.32405 -1.30356 0.210641 0.06
-2.37123 -1.05304 -0.619465 0.04
-2.3999 -0.857415 -0.619465 0.03
-2.43136 -0.399419 1.81131 0.05
-2.44339 -0.0811196 -1.11876 0.05
-2.44382 -0.00536803 0.0589521 0.01
-2.43798 0.297194 0.0589521 0.04
-2.39338 0.973589 2.30091 0.07
-2.32076 1.44217 0.852107 0.06
-2.20809 1.76716 -1.64001 0.07
-2.19021 1.80843 -1.64001 0.01
-2.15251 1.96066 2.06643 0.02
-1.99669 2.47573 2.60128 0.07
-1.89507 2.59883 -0.518682 0.04
-1.84261 2.64608 -0.518682 0.02
-1.58304 2.5032 -2.80192 0.1
-1.40624 2.52823 1.10143 0.07
-1.25819 2.39253 0.0611511 0.06
-1.18784 2.29402 0.0611511 0.03
-1.14292 2.19682 -0.989683 0.02
-1.05733 2.07774 1.47391 0.04
-1.01647 2.00701 1.45617 0.02
-0.958003 1.88849 1.45617 0.03
-0.903298 1.75633 1.45617 0.03
-0.885997 1.70379 0.885686 0.01
-0.761739 1.39072 2.76211 0.08
-0.713323 1.02797 -1.80073 0.04
-0.668441 0.465287 -1.80073 0.06
-0.659262 0.14636 -2.89952 0.03
-0.658187 0.0686587 -0.0122312 0.01
-0.677523 -0.550498 -0.0122312 0.08
-0.715013 -0.947134 -0.396129 0.05
-0.74691 -1.17824 -0.396129 0.03
-0.870169 -1.54774 2.68408 0.09
-0.885912 -1.60074 0.965661 0.01
-0.937777 -1.85492 -2.46188 0.03
-0.956714 -1.93227 -2.0063 0.01
-1.10977 -2.42568 -2.0063 0.07
-1.2381 -2.69788 -1.64439 0.05
-1.29299 -2.78975 -1.64439 0.02
-1.4365 -2.93895 -0.972725 0.05
-1.46607 -2.97496 -2.4309 0.01
-1.55674 -3.06542 -2.4309 0.03
-1.86476 -3.04513 -1.16185 0.1
-1.89515 -3.03202 -1.67407 0.01
-1.92537 -3.01224 -1.28818 0.01
-1.95547 -3.00585 -2.90458 0.01
-2.19107 -2.85723 -2.86436 0.08
-2.24762 -2.79601 -2.86436 0.02
-2.37917 -2.45816 0.118182 0.05
-2.44985 -2.25164 -0.447347 0.03
-2.49332 -2.09426 0.178907 0.02
-2.51386 -2.01367 0.178907 0.01
-2.53358 -1.92982 0.388785 0.01
-2.618 -1.44353 1.4363 0.05
-2.66839 -1.07409 0.614708 0.04
-2.71586 -0.50639 0.614708 0.06
-2.72384 -0.291278 1.80377 0.02
-2.72753 -0.0781072 1.68347 0.02
-2.72213 0.348269 1.68347 0.04
-2.68439 0.907943 0.434253 0.06
-2.67485 1.00011 0.434253 0.01
-2.58102 1.67565 1.09083 0.07
-2.52674 1.94117 0.683991 0.03
-2.37026 2.51824 0.683991 0.07
-2.2327 2.97573 2.59401 0.05
-2.20252 3.0608 2.59401 0.01
-1.91243 3.34798 -1.3997 0.09
-1.87886 3.36529 -1.3997 0.01
-1.84516 3.37539 -1.80648 0.01
-1.60085 3.57709 1.38624 0.07
-1.565 3.59214 1.38624 0.01
-1.31282 3.58463 1.17969 0.07
-1.27708 3.56094 0.303531 0.01
-1.06916 3.35104 0.303531 0.06
-0.970427 3.22709 1.0046 0.03
-0.845242 3.02572 1.0046 0.04
-0.647543 2.60749 1.23179 0.07
-0.6218 2.54081 1.23179 0.01
-0.483383 2.06598 0.441523 0.06
-0.358867 1.48583 0.672739 0.07
-0.31955 1.1347 -2.45092 0.03
-0.308791 1.01689 -2.45092 0.01
-0.277746 0.534787 -2.65724 0.04
-0.263433 0.0374487 -0.488386 0.05
-0.274005 -0.460134 -0.488386 0.05
-0.306768 -0.849594 1.61422 0.05
-0.315698 -0.936407 0.657521 0.01
-0.429291 -1.89807 -2.8658 0.08
-0.469599 -2.13212 -2.8658 0.02
-0.618264 -2.81586 -2.99186 0.06
-0.646969 -2.9249 -2.99186 0.01
-0.676756 -3.03221 -2.99186 0.01
-0.907842 -3.55146 -0.523474 0.07
-1.01721 -3.73537 -0.523474 0.03
-1.1717 -3.98036 -1.62379 0.04
-1.25235 -4.08173 -1.62379 0.02
-1.54606 -4.27698 -1.10915 0.07
-1.58889 -4.28839 -1.10915 0.01
-1.84598 -4.25627 -0.895624 0.06
-2.01439 -4.15413 -0.895624 0.04
-2.09603 -4.00749 2.76249 0.02
-2.17477 -3.86363 1.94341 0.02
-2.35794 -3.45193 1.94341 0.05
-2.49162 -3.22629 -1.75414 0.04
-2.52358 -3.16479 -1.75414 0.01
-2.58525 -3.00078 0.0336913 0.02
-2.82581 -2.33021 -1.44047 0.09
-2.84872 -2.25102 -1.44047 0.01
-2.89233 -2.11 -2.40073 0.02
-2.91293 -2.00988 0.481278 0.01
-3.04131 -1.19702 0.481278 0.08
-3.06382 -1.05321 -2.58106 0.02
-3.07399 -0.981184 -2.58106 0.01
-3.13356 -0.209874 -2.09058 0.1
-3.13605 -0.039231 -1.27765 0.02
-3.11789 0.557981 -1.27765 0.07
-3.11182 0.657177 0.113156 0.01
-3.08824 0.914338 -1.22953 0.03
-3.02848 1.47565 1.44982 0.05
-2.94317 1.93592 -0.485901 0.05
-2.83505 2.38657 -0.485901 0.05
-2.64777 2.95588 -0.901334 0.07
-2.61783 3.03254 -0.901334 0.01
-2.52207 3.34896 2.29599 0.03
-2.30339 3.92603 2.29599 0.06
-2.26369 4.01314 2.29599 0.01
-2.2233 4.06501 -0.924942 0.01
-1.91947 4.58546 2.71878 0.07
-1.77937 4.74802 2.71878 0.03
-1.58756 4.82974 0.939118 0.04
-1.2975 4.811 0.939118 0.06
-0.974071 4.39622 -1.78789 0.07
-0.887653 4.2433 -1.78789 0.02
-0.680992 4.01125 2.29765 0.05
-0.641149 3.9568 2.29765 0.01
-0.601863 3.90002 2.29765 0.01
-0.48753 3.7193 2.36401 0.03
-0.34652 3.32745 -0.829113 0.04
-0.31375 3.22636 -0.829113 0.01
-0.251469 3.00119 -1.83841 0.02
-0.138362 2.65276 0.910727 0.04
-0.0151067 2.27668 2.25434 0.05
0.0282868 2.06268 -0.890637 0.02
0.132831 1.42298 -0.890637 0.06
0.182009 1.03644 0.0224049 0.04
0.208779 0.748464 0.0224049 0.03
0.215796 0.655022 0.245305 0.01
0.237518 0.0695165 -0.206018 0.06
0.237726 -0.0278853 -0.206018 0.01
0.214195 -0.757006 -2.59969 0.06
0.197307 -0.931889 0.858226 0.02
0.176915 -1.10749 0.858226 0.02
0.0438293 -1.85219 1.46237 0.09
0.024859 -1.94188 0.835164 0.01
0.00499153 -2.03162 0.835164 0.01
-0.1678 -2.90374 -2.68962 0.07
-0.22834 -3.14988 -2.68962 0.02
-0.293452 -3.36074 -1.06579 0.02
-0.476426 -3.95262 -2.74909 0.05
-0.600078 -4.28775 -2.74909 0.03
-0.687969 -4.49962 -2.74909 0.02
-0.922682 -4.87508 -0.716687 0.05
-1.02146 -4.99998 -0.716687 0.02
-1.17389 -5.15556 -0.716687 0.03
-1.22574 -5.2141 -2.29783 0.01
-1.27819 -5.27375 -2.89046 0.01
-1.5431 -5.30146 1.00686 0.05
-1.59607 -5.29151 1.00686 0.01
-1.75317 -5.17422 2.89096 0.03
-1.8568 -5.18545 -2.83657 0.02
-1.96046 -5.17718 -2.83657 0.02
-2.11387 -5.04323 0.0554585 0.03
-2.16404 -4.98989 0.0554585 0.01
-2.21365 -4.93249 0.0554585 0.01
-2.49275 -4.35146 2.77028 0.06
-2.57763 -4.13484 2.77028 0.02
-2.61847 -4.03352 1.73556 0.01
-2.81095 -3.65893 -1.43021 0.05
-2.88254 -3.49982 -1.43021 0.02
-3.04568 -3.0233 -0.118107 0.05
-3.13202 -2.73303 -0.118107 0.03
-3.15887 -2.63611 -0.118107 0.01
-3.18469 -2.52836 0.970428 0.01
-3.25632 -2.24733 -0.409223 0.03
-3.29948 -2.06889 -0.796069 0.02
-3.42272 -1.45536 -0.796069 0.07
-3.45023 -1.2954 -1.38758 0.02
-3.48553 -1.05833 -1.38758 0.03
-3.5348 -0.0392546 2.20008 0.09
-3.53463 0.0733594 2.20008 0.01
-3.50356 0.704896 -1.20937 0.08
-3.4781 0.99258 0.374314 0.03
-3.45632 1.18593 0.374314 0.02
-3.31492 1.96133 -0.881943 0.09
-3.29487 2.0493 -0.881943 0.01
-3.149 2.8143 2.98338 0.06
-3.12024 2.93665 2.42576 0.01
-3.09026 3.05894 2.42576 0.01
-2.92451 3.56938 0.495324 0.05
-2.85117 3.7646 0.266669 0.02
-2.77409 3.94225 -0.400139 0.02
-2.56253 4.51231 2.67521 0.05
-2.51691 4.61085 1.76828 0.01
-2.325 4.97629 1.76828 0.04
-2.27482 5.05933 1.76828 0.01
-2.22395 5.11363 -0.727245 0.01
-1.90925 5.34947 -0.727245 0.06
-1.74785 5.40263 -0.727245 0.03
-1.5843 5.49289 2.0745 0.03
-1.41876 5.53482 2.0745 0.03
-1.30867 5.47104 -1.17179 0.02
-1.19927 5.46519 2.76261 0.02
-1.03831 5.25855 -2.60362 0.03
-0.985933 5.21593 0.937589 0.01
-0.781313 5.00473 0.937589 0.04
-0.635051 4.74141 -1.32853 0.03
-0.497077 4.45324 -1.32853 0.03
-0.325235 4.13435 1.01323 0.04
-0.284308 4.05091 1.01323 0.01
-0.0207707 3.47421 1.4344 0.07
0.0796882 3.2232 1.4344 0.03
0.111289 3.0971 -2.84538 0.01
0.297486 2.2272 -2.84538 0.07
0.319148 2.10528 -2.84538 0.01
0.339824 2.02993 1.7469 0.01
0.464923 1.10403 -2.57702 0.08
0.484741 0.878028 -2.57702 0.02
0.492969 0.76761 -2.38137 0.01
0.500212 0.681028 -0.0333909 0.01
0.526581 0.374802 2.41438 0.05
0.530049 0.318787 2.87076 0.01
0.53278 0.227393 -0.68266 0.01
0.537012 0.0548605 2.68649 0.03
0.532575 -0.232528 2.68649 0.05
0.529775 -0.327439 -1.03316 0.01
0.492262 -0.924786 -1.41392 0.06
0.459972 -1.22866 -1.41392 0.03
0.403713 -1.58582 -0.0256147 0.04
0.332218 -1.99061 -0.973215 0.04
0.111676 -2.91759 -0.765085 0.09
0.0819741 -3.02288 -0.765085 0.01
0.019565 -3.21813 0.0328552 0.02
-0.193908 -3.89584 -1.53809 0.06
-0.274046 -4.11742 -1.53809 0.02
-0.590491 -4.9088 -2.41607 0.07
-0.74238 -5.21253 -2.41607 0.03
-0.902892 -5.4825 -2.32777 0.03
-1.24577 -5.9173 -2.57808 0.06
-1.30522 -5.97163 -2.57808 0.01
-1.48643 -6.10023 -2.57808 0.03
-1.54749 -6.11185 -0.634417 0.01
-1.85292 -6.08045 -0.634417 0.05
-1.97389 -6.0124 0.10785 0.02
-2.15114 -5.79699 2.55015 0.03
-2.26543 -5.62923 2.55015 0.02
-2.48289 -5.23377 2.83131 0.04
-2.58541 -5.01607 2.83131 0.02
-2.7809 -4.75311 -2.21279 0.04
-3.00957 -4.38891 -2.21279 0.05
-3.13711 -4.11336 -0.595902 0.03
-3.17778 -4.02124 -0.595902 0.01
-3.43773 -3.41088 -0.92236 0.07
-3.47142 -3.32677 -0.92236 0.01
-3.5043 -3.24927 -1.47671 0.01
-3.56703 -3.0251 2.15312 0.02
-3.75415 -2.33158 1.42143 0.07
-3.7989 -2.14524 1.42143 0.02
-3.81998 -2.07004 -0.181659 0.01
-3.91148 -1.59495 2.16868 0.05
-3.94248 -1.50576 -2.47558 0.02
-4.0215 -1.13413 -0.335899 0.06
-4.03249 -1.06252 0.952709 0.01
-4.06937 -0.783671 0.952709 0.04
-4.08368 -0.647148 1.00211 0.02
-4.11047 -0.248242 1.00211 0.06
-4.11465 -0.0305838 1.72196 0.03
-4.10343 0.405647 1.72196 0.06
-4.08753 0.654719 2.63221 0.03
-4.05511 0.968054 1.97495 0.04
-3.99658 1.37702 1.97495 0.05
-3.86741 1.8643 -0.78353 0.08
-3.84834 1.94898 1.06988 0.01
-3.78598 2.21058 1.06988 0.03
-3.60621 2.9364 2.06183 0.07
-3.5453 3.15557 2.06183 0.02
-3.48079 3.29571 -2.13169 0.02
-3.22596 3.99157 0.384409 0.07
-3.18553 4.0933 0.384409 0.01
-3.14411 4.19154 0.0174621 0.01
-2.87142 4.8944 2.0175 0.06
-2.77126 5.12092 2.0175 0.02
-2.61388 5.3677 -0.605104 0.03
-2.55975 5.45787 0.678981 0.01
-2.21752 5.92694 0.678981 0.06
-2.15793 5.99048 0.678981 0.01
-2.09773 6.04912 0.678981 0.01
-1.91372 6.20975 1.2231 0.03
-1.66234 6.3432 1.2231 0.04
-1.59898 6.32915 -1.99124 0.01
-1.28595 6.16674 -1.99124 0.05
-1.16383 6.04088 -2.967 0.02
-1.0433 6.00866 2.80496 0.02
-0.983499 5.95097 -0.579304 0.01
-0.638879 5.51195 -0.579304 0.06
-0.530371 5.3368 -0.579304 0.02
-0.425258 5.17293 0.514984 0.02
-0.373988 5.08088 -0.168161 0.01
-0.323604 4.99563 0.69293 0.01
-0.0397869 4.45995 0.69293 0.06
0.0899111 4.18674 0.69293 0.03
0.131208 4.07276 -1.64882 0.01
0.285789 3.65839 -0.774022 0.04
0.391006 3.35777 -0.774022 0.03
0.581511 3.00114 2.70785 0.06
0.611178 2.93257 1.25915 0.01
0.668497 2.80041 1.25915 0.02
0.798227 2.39588 -0.818581 0.05
0.910431 2.09922 0.496697 0.05
0.931039 2.02263 -1.72252 0.01
1.02302 1.66278 -1.72252 0.05
1.14249 1.00767 -2.72446 0.09
1.2019 0.695995 -0.661914 0.07
1.21517 0.631362 0.243933 0.02
1.25109 0.569373 2.21373 0.06
1.2678 0.545646 2.21373 0.03
1.31106 0.421763 1.33845 0.09
