R1
1.68955
2.39006
2.40074
0.730665
1.29207
2.30756
1.24079
-1.22002
1.76808
-1.97628
-1.08354
-2.26689
-1.5153
-1.13394
-2.8801
-1.7311
-2.32582
-1.7772
-2.86638
0.778122
-0.9032
0.243546
-0.611183
2.5803
0.663252
2.10744
1.84444
2.27299
2.62443
1.23926
1.03148
1.57978
0.268667
2.83682
2.34065
2.93731
2.99677
1.81829
1.72476
2.71772
2.55671
0.352343
0.66506
0.591842
0.902186
-2.72902
-1.81658
-1.81312
-2.10641
-2.93963
-2.57573
-2.76941
-2.90509
0.675574
-2.318
-2.38509
-2.21352
-2.45222
1.417
-2.80461
-1.64363
1.83123
2.78648
2.39188
2.29355
2.38132
1.96563
0.999708
2.58549
2.96952
2.85569
2.94606
2.95452
2.99319
2.41221
1.02255
2.63921
2.58309
2.30825
-0.431174
-1.91312
-1.94897
-2.2751
-2.85868
-0.221465
