R2
-1.5708 0
-1.57046 0.0337689
-1.55786 0.24441
-1.54285 0.354646
-1.51332 0.379722
-1.47666 0.429478
-1.44856 0.5046
-1.39869 0.484679
-1.38958 0.42578
-1.36838 0.420666
-1.35475 0.259906
-1.34498 -0.0660243
-1.36881 -0.460011
-1.38994 -0.595452
-1.40908 -0.679693
-1.47709 -1.01176
-1.57761 -1.20718
-1.62758 -1.28784
-1.76033 -1.34561
-1.85627 -1.38491
-1.9651 -1.01839
-1.97514 -0.989278
-2.0193 -0.773838
-2.05894 -0.544234
-2.07493 -0.253895
-2.07939 0.126913
-2.07547 0.264304
-2.03354 0.7792
-1.92375 1.40006
-1.84651 1.68345
-1.79432 1.7934
-1.75784 1.85404
-1.60021 2.06621
-1.53806 2.07379
-1.43166 2.17375
-1.25642 2.18485
-1.14772 2.15495
-0.98021 2.01354
-0.94069 1.93744
-0.902772 1.85333
-0.782038 1.58593
-0.7664 1.54136
-0.723226 1.33547
-0.638441 0.777195
-0.598428 0.108576
-0.617793 -0.537273
-0.66919 -1.17297
-0.73956 -1.6381
-0.922141 -2.39946
-1.07984 -2.84415
-1.26316 -3.25014
-1.50245 -3.55968
-1.8697 -3.72576
-2.23676 -3.56252
-2.52712 -2.86061
-2.73652 -2.36101
-2.86596 -1.94926
-2.99841 -1.35862
-3.0359 -1.14016
-3.07892 -0.580486
-3.09319 -0.370772
-3.09675 0.281834
-3.02432 1.32698
-2.85444 2.44308
-2.62199 3.35648
-2.27855 4.24347
-1.96203 4.76909
-1.76718 4.96141
-1.71743 4.98815
-1.41268 5.14036
-1.10346 5.13816
-0.60431 4.78365
-0.283325 4.37166
0.120293 3.69556
0.330104 3.30273
0.573357 2.79253
0.752017 2.32463
0.883914 2.08137
1.04013 1.84071
1.12916 1.72722
1.2538 1.40389
1.32954 1.12776
1.39854 0.851468
1.46005 0.524357
1.49347 0.149426
1.5031 0.0660804
